index1=1+[1713 525 4768 345 4083 4496 759 1059 1109 4233 1961 3348 4777 888 2673 63 4630 4513 475 2822 2082 4541 3639 4527 4500 2294 3255 3227 3253 952 868 2406 794 4243 2107 1790 1229 2048 725 2503 1045 773 1146 5256 4701 2458 2445 3207 2328 162 200 2025 252 1405 3321 2947 3200 1465 1769 1454 2956 2031 1158 934 3671 352 4885 277 512 152 3021 2593 4285 3459 1786 3166 820 1784 3883 151 3743 1702 3098 309 3043 235 1701 829 4386 3625 5242 107 2454 2071 4170 4715 1937 2883 5149 2115 5077 4489 1145 389 268 1036 2456 747 4617 2793 1518 1439 5372 617 4155 4078 1520 2167 2113 856 3439 3352 5022 2154 5086 4805 2119 2747 1526 3158 811 4623 2200 458 2238 4561 253 2549 4731 401 1188 2019 3195 140 3509 402 3471 1277 3893 711 1641 1506 4936 4694 3494 5402 2056 4142 2100 2296 3022 5459 418 3503 5341 1355 1938 3151 1017 4542 4296 3742 1571 1458 452 3306 215 2693 4043 5188 1649 2742 4523 4589 1373 461 3721 5422 2624 1340 2606 4370 4584 4249 2756 4879 4980 325 4372 1492 524 2819 1368 1562 1334 1939 4493 3652 1011 3071 4940 2476 2983 2882 411 3712 593 1843 4182 1455 1259 1573 1422 4357 1788 1064 412 1459 2141 3901 1560 4971 1213 2482 1096 3650 1509 4276 275 243 1912 1797 2704 2138 4041 4611 2249 1093 4176 2563 3416 4716 5454 1901 1879 3077 379 5208 1779 4816 2442 3177 286 4869 4918 4324 4745 2173 2130 481 1322 1803 4990 4708 1539 4121 2754 5268 4643 3368 3941 4486 327 4826 602 4955 2996 896 4810 2316 1493 978 1677 3518 5041 4741 2094 90 1058 3886 511 1415 1965 2988 3395 2903 1438 3124 2474 1787 470 3846 3660 4060 2378 3276 31 1735 840 3224 2127 3761 2394 639 2516 4793 4225 2066 1971 1460 1959 2179 1801 709 2962 485 2761 3387 4521 2750 4488 3298 1236 262 5451 3421 517 2974 1327 2337 4507 1034 1342 4721 1670 2177 3116 2078 1344 103 3445 3428 2784 733 3307 1065 3187 482 4113 2377 1005 4837 937 4912 1191 1260 708 278 2017 1712 54 3831 143 2275 3741 49 3341 3562 3304 806 5375 2723 4314 3113 4456 4966 51 5345 2074 2972 283 1609 4807 1990 996 731 2170 4136 4844 3786 2856 2768 3405 5030 1758 627 3362 3401 2184 4618 795 2622 904 1010 3947 2714 1869 4313 624 4231 5121 2011 5103 3545 3137 3940 3208 2954 1079 1856 2143 2748 2221 111 2305 1272 2905 940 4169 3274 1068 4706 4429 2086 1985 1087 2347 5119 4953 3423 2306 3626 1320 3848 2816 2009 1170 3148 3850 4329 2847 541 124 705 3125 1515 2488 3119 5300 4693 2807 2073 1332 1668 4746 944 4425 3892 3162 4596 963 1893 816 1717 1621 5089 1219 5087 1449 1156 1952 3535 1307 1709 3159 1918 3537 3061 905 1883 2915 2683 504 3 3172 1084 4475 2634 3152 847 3764 2362 2976 4672 2574 1038 1258 377 2360 212 2466 537 4850 1653 4857 4904 5452 3895 5288 1947 3290 561 3336 3620 1231 3857 291 71 4717 1463 990 5270 1354 3888 5099 798 4888 3297 4368 3735 651 172 769 3623 4818 5293 264 846 1504 1994 3173 3875 4492 2359 2795 981 2981 2443 1159 2984 1813 2097 4795 2809 1499 2710 4013 2135 654 1491 4086 4101 649 1743 1095 386 3009 764 3525 3121 1321 2601 3538 1557 2002 1400 4040 4641 3357 3911 756 916 1161 3651 3648 1003 1105 2185 2023 4396 2627 3361 3269 266 1427 1931 4905 2985 281 92 3600 1201 635 2211 3139 2137 2607 3910 488 1626 2093 4065 763 3759 1181 188 2715 5290 563 557 2499 1323 3602 1282 3885 3856 1019 3630 4107 3367 3569 2479 2174 4362 724 1684 550 1418 3018 3201 4385 3948 755 877 1174 690 5378 50 198 2934 2237 4202 3703 4922 5326 1020 1268 434 112 3085 443 4474 2284 3038 5160 3157 2928 1519 1389 1012 691 4198 5046 3079 2721 5240 3254 1704 2163 1480 1988 2207 5032 2428 4654 3262 3080 3056 4705 5186 3332 3042 2400 1123 2051 3126 2567 150 285 1182 3840 5303 2830 5108 933 5275 4070 3331 4868 2261 3810 3489 913 134 566 3689 4339 2870 4125 5016 391 1728 4574 78 2340 1044 3967 1890 3869 3818 1864 3519 324 2106 4061 3431 3943 4334 2358 2153 5117 1789 1860 4760 2640 2199 1770 4403 1108 1208 1352 1638 4874 4709 2835 4181 3202 4779 2933 306 799 1683 5175 460 3734 410 3131 158 1935 5274 2580 8 1456 3642 1263 2111 3882 465 2616 1283 146 62 237 136 2712 1793 438 3003 2837 4173 1525 889 217 5456 4335 5177 199 2433 453 4073 4696 3087 2403 1737 4442 606 130 4508 5065 4897 4939 1481 1863 4484 5418 3984 387 5075 1808 3115 1558 2598 2685 4835 899 2713 4883 873 2317 2300 616 2943 5250 2063 5316 911 4311 2351 2942 3693 3138 4658 4283 2670 4028 3205 3992 3277 1471 3867 2888 4440 1361 4446 5365 2190 974 3366 1021 5059 3314 526 4114 1326 1592 2732 1462 3394 2431 2599 2565 2763 988 2764 5248 144 331 3028 3074 2282 4245 3257 2382 1053 1267 2307 5431 2058 2955 1554 1599 5114 3215 599 293 2836 4808 3402 5165 5437 3266 4406 4340 523 98 1173 3259 2062 4998 2420 4171 3806 2234 2720 4087 4663 3221 1933 821 1406 715 3399 4435 4804 5082 4518 296 4011 5198 4052 2410 1216 4858 2040 2267 263 2562 780 1299 4057 2655 4545 1177 2448 1711 609 1778 2270 101 3502 2060 5325 4359 1977 1886 590 483 925 224 1676 3546 2364 5265 2523 1296 2077 184 1289 885 2886 4959 447 845 3958 2916 4568 674 4887 4342 1946 1153 507 5094 1829 1472 1838 5460 1811 1516 612 4030 4647 2370 3851 1149 608 926 2090 3878 3914 991 789 2045 3860 1308 2103 1197 3659 722 2690 2776 830 1975 3968 619 373 3088 1168 2156 1891 1689 1955 191 4275 3690 4449 3701 1781 614 3036 468 1284 2537 5134 4908 57 4622 5072 3484 1932 1658 3481 2538 1750 992 234 2619 1904 987 2617 950 486 4280 1884 3375 4553 1448 4260 4053 1685 2144 713 5172 193 4408 3871 1132 2694 876 4667 656 1705 1650 2800 3267 4203 2288 4059 417 843 2418 941 2846 1601 1255 3144 1907 3667 4341 1237 1591 2643 2743 3275 3142 2913 2188 4946 5201 2971 1756 1759 1761 2279 4444 5039 4860 3365 684 196 3346 1695 4349 1350 999 962 3539 1663 2970 3923 2015 397 2717 3078 516 2354 1310 222 2901 1249 1966 2946 4348 2519 2765 5233 3575 4238 1682 3103 1694 4417 818 1979 1100 4380 591 1846 572 2696 110 3135 3477 1612 2912 1134 581 4628 3282 1252 1968 52 3966 4472 284 4531 42 1104 1978 1486 3033 3566 3662 3998 3434 1919 5111 4485 1362 1742 1356 4859 770 4124 536 4896 3107 2012 5090 2161 3467 5239 4361 2579 5127 4649 4878 1757 1987 4686 58 2815 2286 4185 3370 5047 2514 1092 1600 1535 2909 5291 3006 2006 1416 4836 4281 4437 1521 836 5154 164 5045 2602 3178 1187 2183 2134 1266 1423 918 3359 1949 355 1876 1721 2874 69 4877 3141 1184 1940 2575 3462 1732 1575 4274 3824 645 2733 383 5113 3430 2486 3900 2489 3946 4978 5044 153 4163 2824 4556 2252 4970 4254 4650 1490 1179 4098 1622 2651 175 3112 5076 3558 5376 1567 3163 917 5388 2727 2274 4554 1232 803 1652 1640 2369 2644 2881 2796 5064 720 586 1724 354 4827 562 2376 3360 528 4774 2691 4969 3058 5284 3301 1590 3190 2829 1852 3748 3084 1617 3034 238 3780 509 1892 496 5349 147 1639 4891 3598 4199 2592 2215 5162 4068 1203 1470 2618 2536 1774 980 3877 1878 3809 5412 532 760 3790 3469 1027 3268 5260 3711 2910 4697 455 4776 2813 4494 3316 3265 4729 216 2678 1944 1723 1196 1870 1666 4515 615 849 3935 4191 4205 2699 2293 1136 4825 1304 1306 2109 4389 476 749 4775 4084 1254 5344 3342 1015 4927 3723 2266 1364 5381 959 1585 5238 3251 1103 969 1812 4409 5271 1983 2399 1964 3106 320 2633 64 2155 2085 4006 4453 2302 3557 2197 3919 3014 1166 3096 1537 3222 4783 2248 3453 4095 3675 1008 3440 3504 1872 494 4870 3383 4951 4190 4934 1928 4917 3874 5159 1651 1531 3191 1780 1782 1696 4770 2269 3907 3515 4503 721 1692 100 3114 1754 2072 2540 3950 3530 1464 2299 4903 1807 4321 3097 712 1815 5286 2421 2548 2481 5002 648 1830 2794 2196 3318 2543 506 4244 3284 4668 2290 3904 2728 4549 1046 864 1741 1076 3551 792 104 5264 3270 869 3945 2898 3841 3629 3961 2013 3638 2092 2076 145 4664 3825 529 1608 2029 2848 3031 3238 3683 2840 3329 4733 2700 890 3730 1873 2757 1594 1114 3302 3719 2289 2902 3500 2931 2178 2277 173 5042 1924 630 287 4315 2527 365 1305 1178 4829 1457 4881 2047 1380 4226 5126 4863 3726 4737 1731 3278 2718 3436 3534 1523 3549 3738 3184 797 3993 3241 4262 2162 4537 3296 2129 2042 1925 241 1432 3149 1030 1117 5067 4538 5122 3206 370 3855 21 5062 3351 3908 274 3338 1921 1661 3182 777 2838 2741 4269 3752 2187 2679 5054 2484 1511 3975 2024 3553 3822 1930 4754 4656 258 671 3679 3229 800 3830 3591 513 4767 3460 3582 5336 3438 180 390 347 2873 4771 3896 4612 4750 2998 