index=cell(8,1);
index{1}=1+[4069 2009 3605 406 920 3454 331 2042 1270 825 2868 1581 1259 3751 2649 3186 2873 2298 619 1274 303 2671 2123 1531 4018 2183 241 2577 51 1536 3632 324 126 1568 971 1774 3899 2297 1454 547 2564 710 3020 1095 124 2585 975 1584 1990 1096 3451 924 2037 899 1262 1482 784 3546 1560 2905 3593 1837 2597 1770 2204 2733 1148 2590 2040 2227 2206 3601 974 679 1846 2948 3173 4026 3048 1077 3406 3484 3475 4030 3500 97 1471 1626 3526 1431 1249 991 2778 1449 2376 2456 64 2556 2646 3474 1076 2723 964 1836 2821 397 1168 59 4071 2004 239 2746 2170 1533 1264 515 242 463 43 1219 3629 332 1237 1441 462 879 1567 938 1169 4111 2656 2573 1458 1236 2881 1462 1429 3717 969 4107 226 957 2667 2570 817 2341 953 4155 1831 2639 2061 1074 956 1997 2979 1571 518 646 2011 4119 325 1123 1765 1171 2741 44 517 2983 1102 2478 1289 860 2503 2992 3458 4060 537 3196 2052 1225 2036 1155 1258 45 716 3973 2058 1432 2485 830 4149 1877 1265 694 918 4068 2448 1128 2166 4164 4076 2214 1243 935 2665 2582 2754 1280 3521 2869 1853 1573 211 2837 1539 1695 1924 523 178 3849 1778 3837 2043 1477 952 2628 2558 814 216 1018 1104 2898 2669 1615 3647 1545 1772 1766 1849 4079 1247 3409 1465 2120 1493 3642 305 2064 3545 1310 2879 1087 2051 3906 1485 2462 344 3807 2629 2059 3489 464 815 2728 4000 1575 1103 3022 1764 1272 1245 1996 2490 914 1883 48 3965 1439 3964 4 2643 237 3358 2311 927 1016 1469 3023 2883 1065 3718 3608 1834 2502 2131 1580 1564 1278 3450 2258 1228 2057 840 35 651 1117 3524 2207 928 1144 1107 1607 3975 3806 323 3443 1537 3817 3087 2293 1999 1826 3819 3122 1640 1201 2511 2666 1082 1473 204 319 1543 1988 1059 47 772 3179 1620 1131 643 1845 2380 424 1588 2412 611 3486 826 1989 18 58 3084 1784 1246 2063 806 906 2812 1078 1056 3492 329 1072 713 3809 123 1651 695 2638 3405 1044 3134 1460 895 2756 3621 1302 2172 2458 3206 2094 1222 55 3357 1548 4152 1835 2822 650 543 3537 3644 347 2078 100 2880 1767 1570 3636 2050 4165 2735 1833 3102 1111 1590 1244 1550 3496 1870 1614 1271 2505 3643 2008 3083 1276 992 4072 3033 3638 4150 3086 3404 568 3154 2148 843 1183 2517 2117 2547 1215 1547 3399 1600 1558 3442 3838 176 3969 3178 829 3479 333 1854 1442 3719 2867 219 3253 4028 2507 3016 2134 3440 909 1457 2195 3633 3493 1554 3012 4123 1827 3026 1553 2229 2072 1610 1505 3552 898 836 135 297 3945 2724 1227 1865 1277 1843 2572 653 931 3445 715 3472 2991 2581 1862 3114 1643 1079 436 54 3982 2056 1755 2248 2893 1534 2876 1094 2980 2010 1251 172 3988 1861 1824 680 3019 631 2655 263 3994 546 2732 951 2110 1071 2554 2729 2077 1783 3251 3963 3190 3201 831 3600 1067 3804 655 1538 132 926 1255 1073 2323 2044 4153 4157 3441 4163 2720 2716 136 2745 4128 69 2901 902 960 1658 3015 1084 2627 3839 2114 1152 2569 2049 2866 4122 1665 4113 125 1254 2885 3491 1444 1857 2127 4171 2563 939 934 2641 2814 933 2715 2287 2153 2753 1884 2342 264 3031 2889 1086 2504 3428 2545 3981 2714 1577 1230 1809 1436 3813 1768 1054 3438 2752 3085 1083 1541 805 2216 2865 3603 2847 2015 2565 2047 171 3108 1433 4025 2864 635 3752 1239 948 1250 1785 803 3607 1830 3414 2567 3539 4124 3528 119 2906 3117 4013 2073 783 827 2738 2568 4151 3473 848 3449 4036 1325 1307 3487 2193 3459 2168 2660 3873 2169 209 4009 3542 2975 1172 2454 997 944 3308 2005 1995 3011 2718 16 717 3187 2205 2370 1467 1221 940 1090 4003 3522 2290 238 2815 193 3105 986 2650 3637 1055 1663 1062 1238 2978 3934 42 1797 3555 978 2097 718 3810 2054 2552 2580 514 892 3118 3042 3254 1070 1253 1058 2529 945 2630 3027 1655 1850 394 2041 4154 1098 4109 915 3846 1513 894 296 1216 3536 3548 1053 3635 321 2875 1540 1987 2561 1557 771 3089 1269 2608 4043 2816 2141 3197 937 3563 1263 3538 3905 2725 2712 998 217 2239 1842 1167 3814 911 2065 2167 3159 2551 2829 4031 2871 922 2579 1154 3453 2818 1456 835 1544 958 3109 3431 2312 4075 1346 3720 1105 3980 2510 983 149 1479 1769 409 2736 2672 2717 4162 1256 1556 1220 4108 2002 2678 3716 1435 3098 2739 2636 60 1532 1120 2819 3972 1609 1068 2640 2557 1039 962 2559 1060 1495 3418 3334 2872 2124 741 1430 1445 2509 697 712 4032 2453 1134 950 348 1089 3379 2468 2588 1097 2427 977 3815 3747 901 63 3434 3834 173 1632 2658 2281 2576 4066 148 3753 828 328 3189 441 1561 2890 820 248 243 932 3255 942 2944 2198 2619 2740 903 1775 525 3013 3855 3534 2813 3121 3541 3317 3530 3481 2164 1889 2647 4027 2835 1 2722 1847 1069 691 1161 2003 249 1542 1483 1487 907 3724 2046 859 954 4168 1248 821 1840 3529 127 910 2152 1675 1273 2184 1224 3476 1829 175 968 1135 1075 1288 3480 1110 1994 1108 2886 281 3631 233 1434 1101 1825 936 65 2238 2637 1213 1080 1057 1217 2095 2512 2012 913 3478 3384 2493 3106 2371 4086 3550 1218 970 3801 976 2870 2586 3430 930 3477 2896 4065 987 3378 3410 988 923 979 37 3630 1868 3377 1992 1551 3670 3968 1447 513 1461 1546 959 3452 1231 1226 2834 3976 1290 943 1009 2659 2642 1594 3952 2742 844 912 2001 4080 315 3318 3835 2091 3028 71 2113 1235 3236 1583 1223 3112 2713 2730 1127 3447 1576 2115 404 3745 1453 3258 244 4023 3650 2719 2611 1535 3999 2220 3639 2750 3088 2116 2726 2635 1555 3749 3436 1440 1088 560 3115 919 227 1993 3885 3634 719 3970 2574 4014 837 3789 210 2788 1801 3689 476 3777 2185 984 629 2892 512 2748 1125 3464 2696 4053 1963 3705 2839 735 3883 1170 2934 1616 1035 1639 1037 2132 3821 633 3958 3371 2604 4006 1694 3039 346 2757 1863 2023 3208 46 1510 2763 3847 3040 1952 644 1194 2130 1519 3610 1511 2845 1121 847 3733 2587 1149 3561 2603 665 1119 2521 1297 245 2939 872 3701 808 1166 2848 3044 1359 2516 1410 2031 1887 3043 2774 1286 103 4021 982 2935 3625 3840 854 2762 1387 2019 1794 2247 2079 2133 1481 1497 1526 3694 1595 1100 3622 1633 2126 1417 1174 1725 2781 792 3104 1382 963 612 2698 4088 858 1380 2279 1322 1486 576 499 782 3887 285 377 1874 1611 3822 1628 1188 4019 3771 1672 1393 1677 3155 1138 554 1452 3138 1379 3579 2154 1409 1341 3808 1684 947 647 1740 1013 4175 1323 1367 2071 1390 2103 2758 1001 3722 2439 1046 2584 1164 1733 1158 2907 1373 1192 131 2843 1281 1661 1938 3124 3307 1572 866 1697 2920 2657 1627 3756 2411 1813 2960 3884 1306 2291 2099 3836 3070 1463 1666 3498 1319 1905 884 1366 1601 1406 52 189 705 981 1812 2761 1864 1139 3729 876 1606 3916 222 2791 2775 849 3957 3695 2092 797 1181 1146 1361 1334 2494 1644 1867 4083 3174 2300 88 1753 3094 1337 1490 1563 1178 2075 1208 24 2751 2607 1966 4010 4110 1814 3205 4062 4041 4114 3375 1608 3551 1649 3119 2533 2246 1349 3732 1448 3661 138 3466 205 23 87 1660 577 1185 3041 2302 3649 2069 1931 626 1140 1443 3559 93 2682 3291 1033 3678 1816 1472 3653 2995 2165 2150 1586 1689 1737 1345 3708 3768 2437 533 3757 1488 1314 1342 995 2 268 1375 3063 3467 206 2245 2392 4118 2428 1910 1529 3558 980 2143 1687 608 832 1356 2931 3024 3510 49 1603 863 2965 2423 3615 2915 855 2598 3679 2932 2789 1005 76 3077 4173 1147 2689 1336 68 183 3505 1347 3646 2802 1808 4105 2806 2232 3785 4051 62 1491 3853 3738 2145 3144 2687 2013 707 2066 1260 2982 649 1900 1818 113 2136 2415 618 2747 3655 1282 1304 1800 2811 2444 1414 2601 2543 1015 2770 4115 1871 2786 702 1163 151 856 2925 3066 654 4054 3393 1426 1796 3872 3135 220 3709 2000 1374 2403 1109 2021 1368 1913 1648 1173 3567 1363 382 2014 4082 4011 845 2799 3037 141 1133 1673 2578 1701 1500 1782 1300 257 2940 3723 2186 1942 3225 3648 3805 187 1198 2794 1160 3127 3504 2673 2523 2790 215 3034 2289 1793 4042 1621 1199 1659 1656 2691 1899 1958 2525 1636 1301 4044 2280 1407 2830 1191 841 2897 1704 3508 2877 2466 1879 213 3157 3553 2840 3683 3200 1494 3908 155 2320 1376 2571 804 1330 788 2137 2295 1150 1722 1641 2988 868 4130 4127 1780 3306 2163 2142 1859 751 1165 2292 2089 1335 282 3123 3158 1589 1789 3003 4089 1159 1711 225 1049 3568 3921 3064 2491 1187 3770 2530 2777 1020 2111 1751 1141 2028 690 2962 510 3790 1474 2990 2224 1777 2779 3909 2243 3051 2442 3506 3045 3721 2102 1298 2520 4129 3685 3641 1041 1004 140 2697 544 2532 1795 1352 1693 1284 3398 1384 2989 3663 1779 3984 3760 2810 3725 3938 3325 2625 1242 2406 1714 1014 317 3072 1126 1896 1585 3047 2909 2937 2692 2080 2282 565 3856 1512 2994 3424 3731 96 693 1480 107 1501 2029 2677 4136 1851 1921 