index1=[16 1557 3028 1216 1663 997 925 1994 1093 1090 3600 2560 2903 463 2579 233 3026 2666 2825 3638 1755 1079 1590 627 3762 4150 2242 2740 1996 2880 3557 267 1434 1057 826 1078 3107 2412 2586 1675 3448 2054 904 1558 3855 3640 2504 1581 1837 3967 3749 2047 892 2058 1044 859 1255 250 937 813 1833 3804 136 297 3530 1016 1265 903 1009 916 909 2493 326 965 709 905 2380 979 2117 5 1134 303 1288 1075 646 2095 35 3972 970 2227 3472 4013 1053 2628 1289 2626 1569 2575 1054 1824 2381 171 3746 1251 893 1513 100 834 43 2733 3017 2752 1211 3366 1479 935 741 1845 50 1116 2731 899 2599 325 3437 783 1245 2632 2168 2006 3748 521 3873 2886 971 306 3485 1253 3716 2049 305 239 3982 1552 1783 242 2120 1432 1466 1447 264 3439 1784 1832 1857 2992 1828 2667 772 715 2608 994 1058 1531 333 3118 1610 3186 2569 4079 2688 2889 3083 806 2056 1285 1172 1542 2288 1239 831 3601 3647 1584 2631 3042 2885 148 3446 2835 526 3642 2944 1775 4032 1544 1259 2829 1640 394 2656 3754 1310 4002 3475 1056 1841 1105 2629 97 3445 3377 3033 1881 812 2724 1469 3487 2299 543 2050 3121 2580 1437 1551 1439 1227 1532 2091 3602 3807 1279 3434 2131 2573 942 1854 822 1436 2097 833 3954 3970 45 1061 838 1593 954 3528 2878 3724 1826 1222 1651 1148 3236 836 1252 840 2045 682 1236 3115 2184 1290 2567 3545 3449 928 3978 1074 524 2659 2040 920 1868 2576 3952 1444 1269 2643 1453 2171 3666 4128 1990 3945 3440 3484 1825 2220 2061 1989 1442 211 3999 1567 1258 825 1482 1475 969 54 2039 3109 71 977 1462 2574 2718 3604 4154 939 2816 2646 2062 1267 18 1103 1534 2094 2468 121 2481 1829 1637 1136 219 1487 3098 1547 3603 1772 1620 1535 2867 3548 2905 2831 1273 1230 4111 1326 771 3405 3555 1554 3644 3031 2977 948 2745 1999 1607 821 2551 132 2754 216 1843 3380 3639 4043 3414 3019 3432 3835 2001 2376 1129 1059 1456 4109 1218 1540 2876 1809 1465 1658 547 2077 4003 835 2563 3201 2896 2038 2759 1997 2572 238 3486 1144 637 3809 2778 47 48 3885 2458 1128 320 1924 3541 1238 1556 3141 3636 2739 324 1241 3187 2113 3474 2462 907 3979 4158 2712 2868 1771 3965 2008 209 2005 2818 2627 241 1231 933 3523 2717 1571 860 4163 3522 1250 4168 2557 1226 44 943 2455 3459 3533 3013 3179 931 3108 1493 3253 3868 3747 1764 2817 1787 1155 2204 843 829 2866 3575 1235 2822 174 717 3419 3976 172 945 818 975 3975 3428 3489 2554 986 956 1276 2564 2205 2545 1561 4155 404 720 922 3308 1450 1108 713 2152 944 3534 3196 3014 679 2766 1655 1068 691 1440 329 913 2424 2730 2010 2658 710 4034 2511 1991 3011 4151 1228 3727 2948 3816 2323 2503 2645 3452 1568 1626 319 1325 2256 1861 1183 1091 2672 1249 3966 69 655 1695 3480 4 3453 3495 2725 4071 2556 2110 1433 2098 819 2166 1485 3161 3529 2823 815 56 2238 1870 2875 2562 1545 1665 1063 2548 3744 2893 464 3488 2597 650 1473 1071 2293 3197 1555 830 1110 938 517 1834 895 1262 3718 2729 2216 3562 1225 236 1998 3087 3837 175 3849 538 4080 2985 827 4086 805 1922 2172 321 1441 2170 2870 3963 901 719 4000 912 4123 2063 1827 1877 3160 3902 462 1849 2589 3317 3406 226 1471 1457 3643 1632 2975 1483 2738 3015 2041 2393 3995 4026 4149 65 2004 619 3806 3607 2167 2837 296 803 2036 3886 350 2582 3454 879 1329 436 3750 1278 123 1993 1224 98 4060 4065 896 3802 906 3438 2742 3801 3492 1107 4001 643 3977 133 915 3996 3443 2637 1026 3478 1152 2287 2906 1131 950 1161 636 2073 2485 3981 631 2127 2978 2720 972 1785 3122 2644 2898 3500 1154 2602 3088 3824 3407 2660 2514 3431 1595 1344 2830 2033 309 1692 62 1024 3208 23 53 707 3738 3390 1126 1722 3705 3798 3653 1598 1885 109 1337 3822 2543 2018 2429 1908 8 1491 3157 1331 3063 1929 1788 1484 3668 1633 140 1661 845 804 205 3100 702 2066 1199 684 3579 866 1157 2798 2019 1592 1178 1038 2790 353 1816 1029 1597 2527 4005 2917 990 2690 1145 3665 1934 1141 3732 2320 3625 3609 3610 2280 2143 1308 3018 1684 2173 1369 841 3991 444 2995 2661 1162 1393 14 4053 2775 2614 4058 1887 1517 1704 1619 2691 1648 2781 19 476 2587 4006 1891 3992 2286 2501 2842 4033 4064 3585 681 470 1672 1586 1138 2099 2379 151 3 2679 11 2748 3898 2761 4084 401 2862 1909 3094 574 1789 634 1370 2136 1208 438 1694 1299 1378 3737 2882 2520 1659 1709 1292 1634 529 3169 2966 1464 2598 1478 2245 1741 1893 2960 3217 2247 2676 3400 1512 2935 3422 4166 1880 1805 876 608 1677 1701 103 2737 4011 1380 3091 2584 1602 2292 2126 2086 2593 3361 3038 4055 1497 3182 3768 390 1605 644 3911 1114 3444 2836 2698 367 4139 767 786 1790 2997 522 146 1012 1751 3124 268 1448 878 1666 458 2751 52 649 1034 705 1917 1702 1572 2452 2937 3052 2027 1912 842 2048 1499 1260 1973 1322 93 3354 601 110 3853 1143 3349 3678 3893 2998 3573 1132 2623 39 3869 632 853 3199 3037 2260 3066 2449 200 1005 1315 3032 1966 1121 4117 847 1801 1589 1582 1958 1715 1872 391 2792 1408 1867 3043 2289 2145 3735 1185 788 2662 1500 3514 2132 511 1896 1242 1622 3612 1330 1938 1791 885 2663 2625 2675 1470 2943 2692 1646 3777 1937 2982 3689 215 1656 2531 382 2523 3077 1417 2704 4051 2826 2607 1194 3658 839 206 1384 1608 3497 1711 4042 2528 1295 289 3221 2674 3649 4010 1130 3617 472 2988 980 1375 1689 1899 2687 3509 1494 1404 3683 3064 3138 1033 3757 3685 3786 1188 2689 1641 1001 3051 1566 1392 1374 2014 131 3144 881 1397 3073 30 1639 1343 2860 2080 3695 1647 626 443 2186 4110 2022 1913 3739 993 1799 1200 1115 1192 1316 1359 2375 3047 947 1782 3694 3137 1621 3000 1506 2677 2900 1671 1166 1300 3415 1712 3655 1511 1920 544 1878 1919 1733 1817 471 3736 1379 654 4004 4118 1858 3654 4019 3731 3155 1860 1015 2133 1474 3104 1874 1676 76 516 3506 4173 13 1818 1664 1879 3581 1139 3986 3129 2606 2684 3034 1402 1601 1737 3676 1426 1414 1871 1753 389 1314 3578 591 3570 1160 2185 2696 1876 3811 400 3257 1804 4134 3808 3135 1490 1320 1603 3072 2154 235 3626 2909 1496 1198 739 2085 2895 1873 2747 80 3457 1914 1332 1886 2071 2301 1812 1904 1030 3329 2921 2962 384 2964 2664 3455 2165 2144 1649 2013 3884 3648 3355 1529 2680 1721 282 2652 1905 2682 1773 1501 1014 1813 2521 4127 1390 1013 3580 346 2784 4129 3774 3165 3499 1004 620 3096 2777 3758 2693 1100 2913 1674 607 1779 2035 1147 1848 2657 3826 1407 1176 534 1334 800 1195 3374 2763 2648 3661 3125 981 647 2833 2525 2841 2330 3645 3403 2410 3862 1328 1507 1796 2189 726 1286 2794 1776 3035 2516 2450 3566 1313 1855 2291 747 850 2069 849 4089 3024 3624 183 1635 2224 630 1625 2111 3021 3789 1347 1345 2887 3909 3041 3673 3778 3156 1281 3362 690 2031 145 3955 4121 1376 3070 2940 856 2969 2902 396 2924 445 3709 1463 3519 1348 285 3095 1624 1851 3759 49 1261 3559 3679 3560 1122 3307 1046 2897 1526 2137 3309 3128 2616 3549 3708 2915 2919 3659 3565 2079 3887 3836 2808 3119 2423 2605 1636 1140 832 1964 3417 2103 984 3957 855 1186 3697 1968 336 91 334 114 2923 308 2499 1401 1324 330 3065 275 1985 3688 3900 4092 730 507 663 2986 2176 3841 3742 3426 83 2438 729 3373 2333 763 460 2151 3890 3894 3231 270 2445 1967 593 2542 1207 2155 3335 165 280 2274 2362 3057 3075 2196 473 810 2615 3858 2384 674 727 2405 498 246 419 90 9 2315 1180 580 3348 269 1928 698 2373 3690 3272 1268 3056 1750 101 208 254 3005 2158 2269 2922 371 870 1935 2946 2701 2805 1364 1518 1945 12 2339 711 604 1425 214 2304 2469 341 2955 1203 2765 737 624 502 2407 469 581 557 2768 3232 2074 3848 3188 3210 386 374 3298 493 22 2803 3193 1670 2265 1042 2276 271 169 311 3461 700 728 3342 639 3126 2201 2161 3674 1716 527 143 2473 1719 3352 628 1888 128 1202 3828 2233 999 572 723 3395 232 3385 229 1521 1747 1351 102 794 2486 659 2314 3324 573 3389 3876 2396 432 3792 590 2699 3956 759 2420 755 799 3667 703 2443 417 3170 2476 864 2430 434 431 84 2329 3867 2106 3076 2397 1381 1193 1754 3796 487 2480 3703 1682 890 2434 2928 105 2477 3599 660 588 1415 559 742 4095 159 1970 115 766 875 3763 421 3939 1979 2496 3936 2497 1926 1969 3891 605 2936 638 1196 301 258 26 787 3423 451 3711 2251 3332 2294 2354 1915 228 3007 2389 3343 4091 3401 3280 2275 4161 3713 3512 3470 1498 2609 1327 3246 3207 1955 1802 2471 673 3456 2187 3907 7 3281 2683 778 166 0 3303 556 2952 3702 3367 1197 733 686 1819 491 2230 2209 4160 1839 2268 1400 798 2160 2357 2083 293 3515 2950 891 316 3383 1209 122 1916 1975 195 3181 363 274 1748 2968 2225 70 764 1965 