index1=1+[27 29 45 37 36 53 0 56 22 48 46 4 51 57 3 38 10 12 40 20 47 41 30 16 39 5 31 7 58 9 60 118 69 125 117 84 96 120 71 76 102 65 98 95 100 61 112 87 113 127 115 68 88 82 80 103 124 94 74 99 62 101 77 123 66 135 131 144 149 159 136 172 137 143 134 168 176 162 170 132 150 154 147 146 171 152 157 167 148]; 
index2=1+[11 25 6 19 55 2 34 24 28 42 33 1 15 13 43 21 32 18 49 50 23 54 52 8 14 44 17 26 35 108 97 104 106 89 83 93 128 64 59 91 70 81 116 90 122 78 86 119 67 72 109 107 121 75 126 63 105 114 73 111 92 85 129 110 79 133 156 158 145 140 164 161 151 142 160 163 139 175 130 155 141 173 169 153 174 165 138 166 177]; 
