index=cell(1,8);
index{1}=1+[55 46 14 26 54 25 35 3 6 29 33 15 36 11 24 58 43 40 37 38 5 31 41 48 18 7 19 4 2 42 8 44 17 16 50 30 22 52 45 23 20 53 12 13 9 116 107 127 66 88 90 95 122 78 109 59 73 97 100 106 69 86 128 84 111 99 91 115 103 87 104 129 71 94 80 93 126 65 112 61 120 64 117 62 105 121 83 96 123 60 67 68 113 72 118 98 75 124 149 165 164 131 173 135 133 156 130 146 163 147 143 134 160 154 142 148 168 136 140 176 171 151 162 174 158 170 145 161 150 167 153 139 169 155]; 
index{2}=1+[1 47 0 51 56 57 21 28 10 27 49 39 34 32 82 108 79 125 92 102 77 114 101 63 74 85 81 70 89 119 76 110 157 144 132 152 138 175 172 159 141 166 137 177 ];
index{3}=1+[57 0 20 45 39 50 22 8 7 26 24 34 58 40 1 27 12 33 32 31 25 21 37 52 14 55 53 2 43 48 19 11 29 4 46 5 30 18 44 35 16 28 10 36 23 108 119 122 123 66 71 80 103 77 107 117 59 105 101 74 84 70 92 104 98 120 100 85 95 93 73 81 90 94 113 96 91 125 111 60 82 62 86 121 102 97 89 127 115 126 72 109 68 83 112 118 128 65 153 168 151 147 172 159 137 163 146 155 156 173 161 135 162 136 134 175 144 166 145 152 141 150 132 176 133 171 157 160 138 130 140 174 170 149]; 
index{4}=1+[13 47 51 6 56 38 9 41 15 49 17 42 3 54 106 78 114 116 67 110 129 69 79 99 88 64 76 75 61 87 63 124 148 164 165 167 169 154 158 131 143 142 177 139 ];
index{5}=1+[47 3 14 53 48 18 24 40 35 46 38 26 32 43 29 57 30 9 37 13 42 20 44 54 16 8 34 50 2 6 39 5 25 10 7 28 45 51 36 11 49 31 21 55 41 122 103 68 121 69 102 77 72 100 127 129 93 78 62 109 73 128 81 84 94 111 119 64 83 112 79 98 74 123 92 124 63 107 70 76 99 115 104 120 89 105 66 108 110 65 88 85 126 61 96 113 116 91 143 131 165 161 155 171 174 137 170 146 145 151 142 136 138 167 176 144 169 148 168 175 160 166 147 150 135 141 132 163 154 149 156 162 134 172]; 
index{6}=1+[1 4 56 22 23 33 15 58 12 27 52 17 19 0 95 75 60 101 82 106 97 86 114 90 59 125 118 117 67 71 80 87 158 159 153 157 152 173 139 164 140 130 133 177 ];
index{7}=1+[21 48 31 11 54 44 9 37 2 10 45 49 38 51 47 57 4 32 56 23 6 19 8 28 20 16 0 50 27 3 15 1 42 58 26 24 35 12 18 5 52 17 14 22 41 78 86 77 64 63 82 80 122 91 120 121 119 108 107 84 68 65 129 70 72 71 96 85 69 89 111 110 92 60 102 59 117 116 101 126 128 76 123 90 87 113 109 118 105 73 67 127 124 61 74 103 112 125 157 143 171 173 165 169 170 132 148 163 158 168 154 144 130 140 176 162 139 152 133 174 155 167 150 175 137 159 172 141 136 138 156 146 149 161 ];
index{8}=1+[3 7 13 46 39 29 30 34 55 43 53 25 40 36 99 75 81 62 104 98 114 66 115 93 83 106 95 79 88 94 97 100 160 131 147 164 153 142 151 166 134 145 135 177 ];
