index=cell(1,8);

index{1}=1+[845 403 1009 364 1244 1230 1264 988 58 278 1173 504 1308 854 1284 308 985 1316 1459 823 1025 306 380 89 353 293 969 1211 1280 1194 352 1318 1019 1215 153 975 987 1137 400 736 162 1269 937 1069 1196 94 1263 1074 1180 1124 1236 430 277 311 70 1243 189 365 71 401 1294 534 1138 55 573 1313 338 894 848 313 1099 161 968 215 1310 936 517 310 1010 1367 331 291 928 738 689 171 997 21 735 658 986 486 1027 989 729 675 377 24 388 1008 990 1303 307 557 961 1314 930 734 1049 962 922 214 1012 413 1081 372 1231 983 591 140 1333 540 350 1324 979 348 1022 929 396 384 1238 236 1168 1415 978 224 144 574 1035 1054 1014 1239 770 1234 179 1055 15 235 282 22 32 858 1063 138 391 464 825 1258 156 654 1017 1467 1218 1040 1175 188 1282 1285 1296 284 1281 897 1020 1266 980 572 180 532 1073 102 1291 721 213 1300 764 974 90 1212 965 769 1315 434 371 1457 270 795 1015 92 1328 865 1037 1053 896 763 355 1213 99 1257 1038 183 1031 847 289 542 671 1204 1216 65 977 1061 931 37 467 762 768 1270 1301 354 774 934 1242 1110 963 135 994 387 733 172 20 107 1254 984 223 824 1279 1302 722 1396 1059 509 160 57 1174 967 337 50 821 27 915 12 933 1117 1253 1023 1172 857 932 1176 1167 1475 1177 453 1295 1034 1057 1309 1286 312 935 1473 916 321 130 342 815 1169 981 998 971 1052 856 966 1307 501 237 976 366 186 1021 1048 9 132 1317 1007 999 1088 370 283 181 1293 1349 1478 524 244 1326 817 131 1245 991 1260 192 109 309 1474 964 767 1032 500 185 1065 1233 146 351 440 1353 562 54 993 441 1170 1235 1011 1000 129 1463 781 63 1129 1330 703 816 405 809 785 827 343 427 529 696 907 1161 227 783 394 436 422 909 375 1298 881 1274 1464 554 1154 1146 62 141 323 339 398 419 643 543 490 226 1165 1355 222 150 274 835 886 137 231 685 176 808 901 879 145 585 584 260 779 1250 553 576 958 640 154 279 771 409 268 851 688 940 1029 1030 1480 1448 1128 103 126 1210 1140 302 942 1100 335 164 1164 1103 17 258 1095 924 1252 148 677 1221 682 111 1003 678 949 266 393 128 926 877 683 1321 510 177 345 535 941 356 923 891 1306 900 1080 408 1322 957 1158 667 694 1482 1223 1229 1083 575 1240 914 701 836 943 1160 743 257 437 1135 1189 590 416 843 951 898 874 499 1384 361 317 887 673 552 267 913 1096 1220 828 723 1247 927 1441 1149 645 139 502 259 347 586 888 939 1366 539 3 707 1141 570 412 1241 1418 397 955 699 1079 706 1362 564 885 157 953 1133 142 945 1159 255 700 837 225 705 831 271 1153 1435 386 155 638 639 804 1276 960 876 944 950 134 275 133 882 1094 946 19 702 892 904 389 1101 475 717 1201 357 420 1271 18 861 657 839 466 1455 264 1454 61 921 844 571 1151 263 954 1082 1447 360 1382 691 1425 1148 834 912 253 1359 668 1251 1097 776 45 1224 425 1409 766 1114 1155 1134 1203 1422 417 256 751 1147 716 143 10 684 704 1275 152 395 1139 489 478 947 1249 341 1246 158 895 1289 88 811 938 911 567 878 680 373 1272 644 803 1163 555 421 411 112 1127 1197 884 597 956 407 93 883 948 1206 358 1044 463 859 121 528 1404 116 1199 636 647 451 588 8 670 526 755 563 479 603 624 457 91 462 247 1046 246 1290 459 1200 547 242 871 759 120 195 455 520 1373 711 433 196 860 760 679 633 630 642 698 25 606 650 4 641 583 205 1075 399 265 632 651 649 589 565 609 206 1470 899 1001 194 786 1115 672 203 631 761 646 618 596 198 174 84 14 1179 432 1458 81 623 217 625 78 73 6 627 712 72 1468 655 653 13 868 599 866 200 731 620 493 159 1460 1397 713 1116 869 76 626 1132 201 732 461 607 550 452 428 610 1471 1332 608 611 208 754 920 191 566 604 710 83 472 758 784 38 616 718 850 753 756 204 744 1372 1087 402 125 515 193 454 870 1449 390 439 548 556 127 59 635 197 75 622 752 559 241 82 1004 587 757 118 1391 119 238 605 31 1047 1045 530 581 207 474 136 169 168 446 1041 1400 445 442 1392 1440 294 798 569 665 449 1329 1228 497 332 1120 1401 1166 516 481 1377 1288 801 316 792 315 100 221 1428 415 105 1445 340 790 447 414 232 480 1365 1419 1320 1360 288 1193 330 1417 813 344 855 443 1064 1371 1380 1416 799 1106 1429 862 1375 1187 1402 531 802 527 51 1033 1438 1433 1361 1405 1426 448 544 1077 1466 1198 468 165 85 1407 280 1108 49 1312 473 1102 324 1370 507 541 742 166 248 485 730 431 1123 780 1186 423 1190 476 1067 95 367 286 1427 778 1111 1066 1202 1398 1453 905 1214 314 1406 1421 512 298 363 378 1299 505 1060 521 708 228 1107 1481 511 1051 326 1439 594 477 292 46 1089 276 1403 538 852 1364 40 1395 287 561 513 301 1479 290 676 797 796 42 593 322 281 1443 491 1437 482 503 325 34 1363 1268 1354 1265 218 1225 1386 470 1432 1050 1399 492 1267 745 424 346 791 333 1450 1076 1408 1423 1369 664 318 495 578 1208 1410 69 788 233 789 1143 787 568 777 1188 216 1420 773 1185 1209 47 775 1142 96 87 35 580 496 1338 44 1277 1341 818 1337 794 220 1344 748 48 747 1336 1331 746 750 819 820 518 749 1343 1342 1335 110 727 175 558 229 1145 319 812 320 1461 726 450 720 1442 592 506 739 304 219]; 
index{2}=1+[273 660 1262 1346 546 1005 826 106 382 328 66 245 108 1477 1026 184 659 1256 336 1217 1378 349 849 1105 1056 262 53 429 1259 104 374 243 830 369 1024 864 1446 1136 1476 1072 297 982 173 329 334 829 1090 996 187 1292 973 1232 1345 674 1192 724 995 362 992 5 68 1261 822 972 26 687 1237 456 1171 404 327 1414 1352 56 1347 970 299 666 381 853 1368 64 1278 1016 577 1018 16 846 67 523 1311 261 893 1121 1118 1348 1006 1297 368 1327 379 1013 863 737 23 697 1350 765 1062 1227 147 151 1255 426 1131 686 1283 182 1483 1452 832 252 872 1387 903 1305 910 1325 1157 840 525 230 1376 917 149 1248 1156 800 1182 1144 519 1098 52 1181 959 807 33 383 741 537 1374 1113 113 806 952 880 1273 1104 906 406 690 1093 740 1152 303 833 600 418 114 30 1122 1222 838 533 1028 1323 714 908 435 1125 875 465 7 1112 889 359 487 662 163 656 1178 693 178 1091 11 1319 890 251 805 170 810 1472 842 1092 1451 1109 681 1002 460 873 1126 392 1162 1150 925 692 385 438 545 695 536 1412 1043 1465 902 841 199 74 619 613 79 122 598 602 549 123 1379 582 1444 1304 648 471 614 80 621 209 36 1 617 1042 202 918 458 212 628 117 240 1219 867 669 210 77 1086 98 814 239 1357 652 1469 551 39 601 1462 211 1039 0 97 60 629 615 494 637 28 919 612 115 2 444 1287 167 1431 1381 1184 1394 1424 295 1413 1068 43 793 1191 1226 285 1130 715 410 1383 560 498 296 484 1385 1390 469 1411 1430 101 124 1078 300 376 782 86 1183 249 1119 272 709 522 719 1434 1071 1058 595 514 483 1070 41 269 29 1436 1393 1356 1456 1358 190 1195 1085 1036 634 663 508 305 579 234 772 1207 661 1205 1351 1084 1339 1334 254 1340 250 728 725 1389 1388 488 ];
