index1=1+[336 429 1034 353 12 984 54 92 1099 189 937 66 532 107 1035 1031 1011 823 453 858 352 396 1260 659 64 215 331 1131 1057 1171 180 94 160 71 774 936 542 262 1326 380 931 293 893 689 1347 1110 982 865 1307 329 1457 1350 388 1012 362 1258 1378 1021 371 764 321 733 769 68 967 1263 90 186 963 687 1063 354 846 523 1302 1137 342 853 404 153 1296 283 577 562 1074 995 988 1007 736 187 738 675 369 181 1138 1177 1317 734 53 1025 762 351 765 372 273 686 1176 985 1280 500 1168 1284 213 1253 1020 413 1311 401 104 1065 1052 244 1257 517 146 964 365 1169 1477 1059 1242 1238 915 540 1048 22 1231 338 817 334 849 278 5 1285 382 1459 1478 824 992 156 971 384 983 282 1081 934 1019 830 223 574 37 1314 368 932 1309 306 15 973 729 1345 102 504 140 1303 1352 916 135 864 366 377 184 825 236 737 58 188 1216 237 65 172 131 1217 70 1313 1124 289 99 573 1475 697 434 1213 32 1261 815 182 660 270 977 968 391 990 349 456 1367 1227 994 1476 162 1308 50 108 989 930 572 284 224 1024 261 178 389 339 949 1222 128 956 411 1122 1448 141 545 809 17 886 590 1098 1125 406 1002 682 139 271 1155 409 586 1079 525 393 771 1128 835 783 943 901 1112 1139 1152 1165 1251 231 1382 489 955 807 911 335 837 543 843 597 834 684 148 571 1082 879 683 227 3 960 828 776 677 33 18 176 256 882 416 700 883 1109 375 691 436 552 876 1454 112 1029 884 570 808 253 703 267 425 1362 842 639 385 437 1093 576 1366 466 841 1003 343 405 264 836 356 740 638 906 361 751 766 1153 832 704 154 268 93 422 662 134 1275 678 927 816 1447 397 939 1452 705 699 714 360 944 230 600 827 126 913 1435 266 805 898 1305 781 891 1276 1197 1220 145 685 10 875 1094 1248 667 811 873 706 63 259 1097 164 257 910 279 895 1241 959 743 1289 951 695 1422 52 1374 803 155 926 222 1224 785 1425 716 317 1162 1210 892 1463 1252 1141 1147 806 419 1135 564 1129 923 673 1150 1482 133 392 1083 11 941 150 490 157 421 861 1181 1104 717 137 1325 1250 599 1087 616 606 1004 72 1046 195 530 452 246 758 59 867 623 39 622 174 119 1044 433 632 1449 583 646 650 197 247 814 711 432 457 1 652 626 621 611 80 649 651 757 217 1075 1373 208 1357 1458 122 1200 601 1132 520 1372 471 596 548 194 868 204 612 84 679 710 240 97 127 547 241 588 556 451 212 116 614 899 604 238 239 587 191 559 744 399 28 603 77 850 60 609 613 625 642 528 202 79 1468 125 439 755 196 620 1460 619 479 201 462 759 760 472 624 242 610 91 637 159 608 1001 731 698 712 211 38 1186 95 1380 474 802 1360 792 780 1077 294 1390 801 1119 1411 1431 288 442 49 1102 340 1430 332 1329 527 1383 469 1394 169 51 124 1288 1433 445 1287 798 1417 1066 813 1413 1466 1320 105 665 446 531 516 1401 444 481 447 1375 1067 498 344 497 1078 1429 410 507 324 1214 43 862 1371 300 1421 1187 1405 449 782 168 100 905 1392 1445 485 85 1406 1106 1064 468 1370 593 1058 378 276 1089 1071 326 708 538 1434 676 719 1439 595 228 797 46 522 290 42 561 512 269 511 709 1299 1456 503 322 1267 325 470 218 492 1386 634 1076 745 1443 333 424 1358 1369 482 34 1085 346 1363 788 777 789 1208 773 663 1420 1209 772 216 661 1142 580 1188 1185 96 1207 305 1338 1331 820 254 748 746 749 1344 1084 1337 1334 750 1343 44 1277 175 592 319 720 726 728 727 812 725 1388 219 488 506 ];
index2=1+[1196 106 441 1054 854 1396 1088 999 991 501 1211 1233 67 1018 1239 896 980 1136 1055 509 894 185 767 1467 721 387 1243 1473 1318 1180 26 1174 1324 1353 312 724 996 1038 1032 1212 1121 1310 1006 379 845 768 1368 829 1256 1117 1017 822 1204 1415 1293 214 403 364 299 16 328 309 966 997 821 307 674 658 1262 987 1118 1008 1027 9 1016 1414 1255 1218 979 161 464 1175 666 1446 1015 171 1269 1023 722 132 654 192 1062 1333 965 1053 381 130 557 173 327 933 1009 929 1040 795 1235 1010 277 486 20 1244 370 848 1049 245 1291 1172 1292 969 1194 350 1215 970 1294 179 1232 975 863 1264 1283 1349 546 1037 1278 1270 1254 928 291 857 55 1105 534 897 56 1072 1315 978 763 1236 1259 1234 1300 1281 89 57 183 1069 27 1245 1346 1348 1073 1170 671 591 524 986 1026 129 993 430 1167 974 961 109 337 826 21 1056 1282 467 1327 1297 1316 24 1192 1295 297 1005 310 440 1000 1090 1173 1237 144 962 138 935 355 1013 998 235 1230 1301 1266 313 1061 1014 770 147 1474 311 847 151 348 972 1286 374 23 976 400 243 308 856 1022 1328 1279 922 426 981 1483 735 925 1418 1092 251 907 225 460 940 946 1157 874 900 1178 1113 1080 800 1100 1164 885 111 347 1148 1206 1464 553 840 1151 833 1274 904 386 1412 1182 1221 957 1030 113 61 357 938 478 88 1240 1101 657 1159 1229 958 723 909 872 345 487 954 945 420 152 851 921 427 1140 1156 1154 358 418 1441 680 1043 810 302 914 1323 1359 838 260 529 1273 952 948 1246 681 1161 1189 1146 693 519 779 274 407 323 1201 877 890 502 924 880 143 412 741 394 383 640 908 702 889 917 114 881 435 1298 226 163 158 170 1149 1387 701 942 888 417 903 1114 585 1158 341 510 1330 1096 878 1144 373 1163 535 533 255 902 1160 177 554 1465 694 690 947 707 804 1203 539 536 567 1409 645 1133 398 1322 1321 1319 831 438 149 643 656 1384 839 950 1376 475 537 696 555 7 303 1272 142 1095 1091 359 575 1127 584 1247 1126 1223 1103 1472 692 275 62 465 45 30 844 1455 1271 263 887 644 668 1451 408 395 19 1306 1134 1028 103 1480 252 1355 953 499 1249 912 258 688 81 2 754 633 455 669 869 713 617 670 628 598 1304 210 1332 866 75 459 31 566 631 919 428 494 205 627 655 589 551 203 74 1462 118 563 493 390 549 1379 1219 82 25 918 1039 1444 73 581 1391 630 463 753 641 1470 193 1116 582 860 78 117 76 752 209 0 1397 1115 14 1045 198 1086 461 98 784 8 565 1290 786 635 402 870 6 602 636 1471 1042 121 454 756 1469 4 550 859 120 732 36 1404 1047 206 605 123 871 207 265 515 672 83 648 1179 13 199 718 607 761 647 629 458 115 526 653 1199 920 200 615 618 1190 1041 249 1226 1312 790 136 730 1108 167 1416 1191 316 1440 221 443 855 1365 1228 1120 1202 1111 1361 1424 742 367 476 1184 1033 166 1385 376 423 1193 799 272 569 248 541 484 715 280 544 286 1198 1068 1438 1398 296 1426 1402 778 1453 86 793 414 1427 285 560 1123 415 1183 1407 315 314 1400 1381 480 1428 1130 1377 101 1166 431 330 448 232 295 473 165 1419 1364 1403 796 1395 594 287 483 1051 852 521 298 514 1481 1070 40 505 41 513 1060 363 477 292 1107 301 1479 29 1450 1050 281 1356 791 1437 1265 1195 1432 1399 1393 1423 1436 1268 1225 1036 1408 1354 190 491 664 234 318 495 496 508 578 233 69 1143 1410 47 35 568 87 579 775 787 819 220 1335 1336 794 1342 1205 1341 1351 1339 1340 818 518 48 747 229 110 1145 1461 1389 250 320 1442 558 450 304 739]; 
