index1=1+[63 3 1 22 49 28 32 9 6 17 67 65 44 70 45 94 93 74 47 4 33 16 79 56 87 21 71 83 43 23 90 80 76 61 2 38 73 60 7 82 89 25 42 30 39 40 14 81 13 53 72 ];
index2=1+[68 84 27 66 35 36 31 98 96 0 29 48 75 5 19 10 69 50 64 55 54 78 41 37 58 20 11 95 57 59 100 91 62 8 86 12 92 18 34 26 52 51 97 24 88 99 15 46 77 85 ];
