	data=[
1	1.15563	-0.494438	-1.17934	1.20371	-0.55552	-0.740515	0.891973	0.805758	0.463379	0.509805	-0.291839	-0.447635	0.569698	-1.68999	-0.382446	1.13253	0
2	1.15563	-0.494438	-1.17934	1.20371	-0.55552	-0.740515	-1.11001	0.805758	0.463379	0.509805	-0.291839	-0.447635	0.569698	0.585862	-0.382446	1.13253	0
3	-0.856761	-0.494438	0.839533	-0.822537	-0.55552	1.33704	0.891973	0.805758	0.463379	-1.94211	-0.291839	2.21184	-1.39747	0.585862	-0.382446	-0.874235	3
4	1.15563	-0.494438	-1.17934	1.20371	-0.55552	-0.740515	0.891973	0.805758	0.463379	0.509805	-0.291839	-0.447635	0.569698	-1.68999	-0.382446	1.13253	0
5	1.15563	-0.494438	-1.17934	1.20371	-0.55552	-0.740515	0.891973	0.805758	0.463379	0.509805	-0.291839	-0.447635	0.569698	0.585862	-0.382446	1.13253	0
6	1.15563	-0.494438	-1.17934	1.20371	-0.55552	-0.740515	-1.11001	0.805758	0.463379	0.509805	-0.291839	-0.447635	0.569698	0.585862	-0.382446	1.13253	0
7	1.15563	-0.494438	-1.17934	1.20371	-0.55552	-0.740515	-1.11001	0.805758	0.463379	0.509805	-0.291839	-0.447635	0.569698	0.585862	2.58886	1.13253	0
8	-0.856761	-0.494438	0.839533	-0.822537	-0.55552	1.33704	-1.11001	0.805758	0.463379	-1.94211	-0.291839	2.21184	-1.39747	0.585862	2.58886	-0.874235	3
9	-0.856761	-0.494438	0.839533	-0.822537	-0.55552	1.33704	0.891973	0.805758	0.463379	-1.94211	-0.291839	2.21184	-1.39747	0.585862	-0.382446	-0.874235	3
10	1.15563	-0.494438	-1.17934	1.20371	-0.55552	-0.740515	-1.11001	0.805758	0.463379	0.509805	-0.291839	-0.447635	0.569698	-1.68999	2.58886	-0.874235	0
11	1.15563	-0.494438	-1.17934	1.20371	-0.55552	-0.740515	0.891973	0.805758	0.463379	0.509805	-0.291839	-0.447635	0.569698	0.585862	-0.382446	1.13253	0
12	-0.856761	2.00247	0.839533	-0.822537	1.78229	-0.740515	-1.11001	-1.22878	0.463379	0.509805	-0.291839	-0.447635	-0.413883	0.585862	2.58886	-0.874235	1
13	-0.856761	-0.494438	0.839533	-0.822537	-0.55552	1.33704	0.891973	0.805758	0.463379	-1.94211	-0.291839	2.21184	-1.39747	0.585862	-0.382446	-0.874235	3
14	-0.856761	-0.494438	0.839533	-0.822537	-0.55552	-0.740515	0.891973	-1.22878	-2.13669	-1.94211	-0.291839	-0.447635	-1.39747	-1.68999	-0.382446	-0.874235	6
15	-0.856761	-0.494438	0.839533	-0.822537	-0.55552	1.33704	0.891973	-1.22878	-2.13669	-1.94211	-0.291839	-0.447635	0.569698	-1.68999	-0.382446	-0.874235	6
16	-0.856761	-0.494438	0.839533	-0.822537	-0.55552	1.33704	0.891973	-1.22878	-2.13669	-1.94211	-0.291839	-0.447635	1.55328	-1.68999	-0.382446	-0.874235	6
17	-0.856761	2.00247	0.839533	-0.822537	1.78229	-0.740515	0.891973	-1.22878	0.463379	0.509805	-0.291839	-0.447635	-0.413883	0.585862	-0.382446	-0.874235	1
18	1.15563	-0.494438	-1.17934	1.20371	-0.55552	-0.740515	-1.11001	0.805758	0.463379	0.509805	-0.291839	-0.447635	0.569698	0.585862	-0.382446	1.13253	0
19	-0.856761	-0.494438	0.839533	-0.822537	-0.55552	1.33704	0.891973	0.805758	0.463379	-1.94211	-0.291839	2.21184	-1.39747	0.585862	-0.382446	1.13253	3
20	-0.856761	-0.494438	-1.17934	1.20371	-0.55552	1.33704	0.891973	0.805758	0.463379	0.509805	-0.291839	2.21184	-1.39747	0.585862	-0.382446	1.13253	0
21	-0.856761	2.00247	0.839533	-0.822537	1.78229	-0.740515	-1.11001	-1.22878	0.463379	0.509805	-0.291839	-0.447635	-0.413883	0.585862	2.58886	-0.874235	1
22	-0.856761	2.00247	0.839533	-0.822537	1.78229	1.33704	-1.11001	-1.22878	0.463379	0.509805	-0.291839	-0.447635	-0.413883	0.585862	-0.382446	-0.874235	1
23	1.15563	-0.494438	-1.17934	1.20371	-0.55552	-0.740515	-1.11001	0.805758	0.463379	0.509805	-0.291839	-0.447635	0.569698	0.585862	-0.382446	1.13253	0
24	-0.856761	2.00247	0.839533	-0.822537	1.78229	-0.740515	-1.11001	-1.22878	0.463379	0.509805	-0.291839	-0.447635	-0.413883	0.585862	-0.382446	1.13253	1
25	-0.856761	-0.494438	0.839533	-0.822537	-0.55552	-0.740515	-1.11001	-1.22878	-2.13669	0.509805	-0.291839	-0.447635	1.55328	-1.68999	-0.382446	-0.874235	5
26	-0.856761	-0.494438	0.839533	-0.822537	-0.55552	1.33704	0.891973	0.805758	0.463379	0.509805	-0.291839	-0.447635	0.569698	-1.68999	-0.382446	-0.874235	4
27	-0.856761	-0.494438	0.839533	-0.822537	-0.55552	1.33704	0.891973	0.805758	0.463379	0.509805	3.39262	-0.447635	0.569698	-1.68999	-0.382446	-0.874235	4
28	1.15563	-0.494438	-1.17934	1.20371	1.78229	-0.740515	-1.11001	0.805758	0.463379	0.509805	-0.291839	-0.447635	-0.413883	0.585862	-0.382446	-0.874235	0
29	1.15563	-0.494438	-1.17934	1.20371	-0.55552	-0.740515	-1.11001	0.805758	0.463379	0.509805	-0.291839	-0.447635	0.569698	0.585862	-0.382446	1.13253	0
30	1.15563	-0.494438	-1.17934	1.20371	-0.55552	-0.740515	0.891973	0.805758	0.463379	0.509805	-0.291839	-0.447635	-0.413883	-1.68999	2.58886	1.13253	0
31	-0.856761	-0.494438	0.839533	-0.822537	1.78229	-0.740515	-1.11001	-1.22878	-2.13669	0.509805	-0.291839	-0.447635	1.55328	-1.68999	-0.382446	-0.874235	5
32	1.15563	-0.494438	-1.17934	1.20371	-0.55552	-0.740515	-1.11001	0.805758	0.463379	0.509805	-0.291839	-0.447635	0.569698	0.585862	2.58886	1.13253	0
33	1.15563	-0.494438	-1.17934	1.20371	-0.55552	-0.740515	-1.11001	0.805758	0.463379	0.509805	-0.291839	-0.447635	-0.413883	-1.68999	-0.382446	1.13253	0
34	-0.856761	2.00247	0.839533	-0.822537	1.78229	1.33704	0.891973	-1.22878	0.463379	0.509805	-0.291839	-0.447635	-0.413883	0.585862	-0.382446	-0.874235	1
35	-0.856761	-0.494438	0.839533	-0.822537	-0.55552	1.33704	-1.11001	0.805758	0.463379	-1.94211	-0.291839	2.21184	-1.39747	0.585862	-0.382446	-0.874235	3
36	1.15563	-0.494438	-1.17934	1.20371	-0.55552	-0.740515	-1.11001	0.805758	0.463379	0.509805	-0.291839	-0.447635	0.569698	0.585862	2.58886	-0.874235	0
37	1.15563	-0.494438	-1.17934	1.20371	-0.55552	-0.740515	-1.11001	0.805758	0.463379	0.509805	-0.291839	-0.447635	0.569698	0.585862	-0.382446	-0.874235	0
38	-0.856761	2.00247	0.839533	-0.822537	1.78229	-0.740515	0.891973	-1.22878	0.463379	0.509805	-0.291839	-0.447635	-0.413883	0.585862	-0.382446	-0.874235	1
39	-0.856761	-0.494438	0.839533	-0.822537	-0.55552	1.33704	0.891973	0.805758	0.463379	-1.94211	-0.291839	2.21184	-1.39747	0.585862	-0.382446	-0.874235	3
40	1.15563	-0.494438	0.839533	-0.822537	1.78229	-0.740515	-1.11001	-1.22878	-2.13669	0.509805	3.39262	-0.447635	1.55328	-1.68999	2.58886	-0.874235	5
41	1.15563	-0.494438	0.839533	-0.822537	1.78229	-0.740515	-1.11001	-1.22878	-2.13669	0.509805	-0.291839	-0.447635	1.55328	-1.68999	-0.382446	-0.874235	5
42	-0.856761	2.00247	0.839533	-0.822537	-0.55552	-0.740515	0.891973	-1.22878	0.463379	0.509805	-0.291839	-0.447635	-0.413883	0.585862	-0.382446	-0.874235	1
43	-0.856761	-0.494438	0.839533	-0.822537	1.78229	-0.740515	0.891973	-1.22878	-2.13669	0.509805	-0.291839	-0.447635	1.55328	-1.68999	-0.382446	-0.874235	5
44	-0.856761	2.00247	0.839533	-0.822537	1.78229	-0.740515	-1.11001	-1.22878	0.463379	0.509805	-0.291839	-0.447635	-0.413883	0.585862	-0.382446	-0.874235	1
45	1.15563	-0.494438	-1.17934	1.20371	-0.55552	-0.740515	0.891973	0.805758	0.463379	0.509805	-0.291839	-0.447635	0.569698	0.585862	-0.382446	1.13253	0
46	1.15563	-0.494438	-1.17934	1.20371	-0.55552	-0.740515	0.891973	0.805758	0.463379	0.509805	-0.291839	-0.447635	0.569698	0.585862	-0.382446	1.13253	0
47	-0.856761	-0.494438	0.839533	-0.822537	-0.55552	1.33704	0.891973	-1.22878	-2.13669	-1.94211	-0.291839	-0.447635	1.55328	-1.68999	-0.382446	-0.874235	6
48	1.15563	-0.494438	-1.17934	1.20371	-0.55552	-0.740515	0.891973	0.805758	0.463379	0.509805	-0.291839	-0.447635	0.569698	0.585862	-0.382446	1.13253	0
49	1.15563	-0.494438	-1.17934	1.20371	-0.55552	1.33704	0.891973	0.805758	0.463379	0.509805	-0.291839	-0.447635	0.569698	0.585862	-0.382446	1.13253	0
50	1.15563	-0.494438	-1.17934	1.20371	-0.55552	-0.740515	0.891973	0.805758	0.463379	0.509805	-0.291839	-0.447635	0.569698	0.585862	-0.382446	-0.874235	0
51	1.15563	-0.494438	-1.17934	1.20371	-0.55552	-0.740515	0.891973	0.805758	0.463379	0.509805	-0.291839	-0.447635	0.569698	0.585862	-0.382446	1.13253	0
52	1.15563	-0.494438	0.839533	-0.822537	1.78229	-0.740515	-1.11001	-1.22878	-2.13669	0.509805	-0.291839	-0.447635	1.55328	-1.68999	-0.382446	-0.874235	5
