index=cell(1,8);

index{1}=1+[94 66 55 27 9 19 22 63 75 32 31 10 5 6 54 65 74 64 17 69 49 48 68 3 84 67 35 70 96 0 23 37 57 95 100 78 33 21 87 41 16 20 59 43 58 76 80 62 90 86 82 60 8 12 2 18 61 7 73 25 52 89 24 30 88 40 97 42 13 53 81 85 77 46 72 15 ];
index{2}=1+[4 44 28 36 93 29 1 47 45 50 98 71 83 79 11 56 91 34 92 38 26 39 51 99 14 ];
index{3}=1+[29 65 28 74 54 93 45 9 4 98 27 36 44 69 3 5 10 47 35 70 50 48 94 31 84 49 19 75 68 6 41 59 83 79 56 95 57 71 43 20 33 58 23 16 78 62 80 91 90 73 82 38 7 86 92 34 8 60 2 25 89 52 24 39 42 97 40 30 14 77 13 99 72 15 81 85 ];
index{4}=1+[1 0 64 96 55 17 67 32 22 66 63 87 37 11 21 100 76 18 61 12 26 88 51 53 46 ];
index{5}=1+[29 65 4 28 55 74 63 50 45 31 75 17 49 27 22 35 5 66 48 54 9 36 6 70 3 69 32 93 94 44 59 41 57 58 56 83 21 78 37 23 95 11 33 20 71 80 90 76 91 34 8 86 2 92 38 73 60 18 61 26 25 52 51 30 24 97 39 42 14 15 13 99 81 72 77 85 ];
index{6}=1+[19 67 64 96 10 1 47 68 98 0 84 87 16 79 43 100 62 7 82 12 89 40 88 53 46 ];
index{7}=1+[3 0 84 19 31 4 48 63 36 69 93 44 27 49 70 98 68 1 32 17 55 29 74 66 67 65 50 28 35 22 95 16 41 23 87 11 20 79 57 71 37 78 83 33 21 62 76 90 91 60 34 7 18 82 2 38 73 61 92 25 89 52 42 88 24 97 51 40 15 46 14 85 81 13 72 99]; 
index{8}=1+[5 9 64 75 47 94 45 96 54 10 6 56 43 59 58 100 80 86 12 8 26 39 30 77 53 ];
