index=cell(1,8);
index{1}=1+[2 120 21 1 22 102 48 11 59 130 58 45 53 46 5 112 64 33 32 51 126 132 29 100 7 133 125 110 98 72 35 63 20 24 121 135 54 79 10 85 115 28 39 129 61 105 119 104 118 16 81 55 77 42 0 108 30 9 4 26 23 93 67 116 18 57 27 71 36 34 78 84 122 86 113 109 50 94 106 19 88 66 13 140 139 80 128 14 117 96 83 82 6 99 25 68 52 41 40 92 44 43 137 87 103 169 188 199 189 162 193 160 196 217 157 218 195 212 187 194 178 159 151 182 180 185 177 203 206 179 207 175 192 215 197 172 148 191 163 198 190 174 214 213 176 183 154 149 147 205 166 168 164 170 209 152 216 210 161 208 171 204 165 301 321 287 316 300 298 295 325 324 311 297 293 314 292 333 302 310 291 299 322 304 319 296 305 294 329 284 327 328 288 309 331 326 307 332 330 323 317 290 250 238 231 236 241 249 239 254 234 227 246 252 235 253 225 230 224 255 256 229 244 245 240 237 242 247 233 259 270 269 264 266 261 271 278 262 274 276 263 265 275 273 281 280 279 283 223 222 221 220]; 
index{2}=1+[97 138 111 127 65 141 89 76 74 60 75 8 142 12 107 95 47 15 62 124 56 70 123 101 3 131 37 91 49 134 17 136 73 31 90 38 69 114 219 202 158 144 186 184 167 211 156 173 200 143 146 155 145 181 150 153 201 318 308 286 289 312 306 320 285 313 334 303 315 335 257 228 251 258 248 226 243 232 268 267 272 277 260 282 ];
index{3}=1+[68 7 26 33 76 16 90 103 49 88 74 51 24 40 14 87 30 9 140 34 65 107 46 98 128 124 131 89 45 135 3 69 102 80 119 104 2 13 111 134 130 105 8 94 139 101 5 115 6 35 82 71 95 12 73 37 28 66 106 59 125 136 50 27 29 100 93 132 61 15 19 1 18 127 64 56 120 21 43 10 38 141 42 62 72 79 126 39 67 129 78 44 4 41 83 97 22 47 58 63 142 117 23 138 121 192 143 207 160 204 175 215 166 210 205 147 158 182 179 180 196 185 169 177 209 189 197 163 165 159 193 148 176 153 183 201 181 172 150 170 149 198 155 146 167 145 200 168 184 199 151 190 214 216 203 171 208 195 152 191 219 202 186 321 291 314 310 328 301 300 292 287 327 302 317 326 333 285 296 320 299 330 308 316 315 318 332 290 322 309 323 313 324 286 297 295 307 329 331 334 288 304 252 224 239 226 249 248 234 240 238 256 233 250 231 257 237 253 251 244 254 241 229 232 245 230 255 243 228 261 266 275 267 272 274 270 260 271 273 265 263 262 269 276 280 283 281 279 223 222 221 220];
index{4}=1+[110 133 54 113 31 11 86 81 137 32 99 122 77 52 91 116 53 20 25 84 57 60 0 70 108 55 109 112 114 75 123 118 92 17 85 36 96 48 157 188 187 213 154 156 212 174 217 173 161 164 178 211 218 206 194 144 162 284 325 289 305 306 293 294 303 319 312 298 311 335 258 235 246 236 242 225 227 247 268 264 278 259 277 282 ];
index{5}=1+[121 75 44 54 112 135 105 64 90 106 67 16 13 102 33 36 141 107 58 3 65 51 18 46 137 89 115 23 59 122 109 134 140 138 47 55 123 25 31 76 117 42 30 40 0 114 98 26 129 14 99 136 125 60 1 113 45 139 116 85 24 79 86 48 100 52 29 108 22 82 132 88 93 94 38 39 111 131 87 104 124 50 120 66 74 57 72 118 83 119 15 41 4 21 7 12 130 35 73 19 63 103 69 32 8 185 217 158 202 152 187 169 198 174 168 153 150 148 171 201 180 144 157 191 143 189 190 149 204 179 199 160 218 156 146 215 170 192 188 159 147 184 178 154 186 175 167 213 145 172 163 212 193 161 200 209 206 210 194 177 219 208 205 330 327 326 333 291 318 314 328 317 331 286 312 332 323 287 319 288 309 307 322 334 316 320 296 297 313 298 304 311 284 300 325 294 305 292 293 299 295 301 255 254 243 227 225 228 250 251 241 238 232 239 240 256 253 248 257 230 236 246 235 258 233 237 244 249 234 276 270 278 260 277 265 262 273 261 259 272 266 268 274 269 283 281 279 280 223 222 220 221 ];
index{6}=1+[9 84 49 126 11 142 81 80 27 101 34 37 133 92 70 20 61 97 110 91 128 96 56 78 28 68 5 95 62 10 77 17 6 2 43 71 53 127 216 151 197 173 162 203 183 164 165 195 214 181 211 166 182 155 196 176 207 285 329 289 302 324 310 315 306 290 308 303 321 335 224 252 245 229 247 242 231 226 275 271 267 263 264 282 ];
index{7}=1+[27 123 48 8 35 14 52 74 109 127 28 140 86 76 43 81 130 66 133 77 104 17 105 102 83 53 58 113 124 90 112 29 118 111 91 16 120 37 128 95 119 4 44 11 72 3 108 46 15 93 122 49 57 32 116 5 88 82 67 18 6 34 47 51 79 59 125 68 22 25 38 41 60 100 96 31 36 115 71 12 99 131 92 10 13 30 56 135 61 107 1 39 85 69 23 103 110 134 7 78 75 2 136 50 94 168 164 162 210 167 196 143 204 189 195 144 157 175 180 160 165 197 219 173 161 214 174 212 187 145 213 192 149 152 218 171 146 215 172 202 176 198 211 150 200 181 191 163 156 159 209 170 158 186 217 166 194 205 151 201 148 208 203 326 293 306 311 313 302 314 335 298 304 321 324 310 297 327 286 299 289 318 334 284 305 285 331 329 328 332 307 322 333 323 290 288 308 317 294 303 315 295 236 228 250 246 226 244 258 224 237 242 251 240 254 239 227 235 229 233 241 234 245 255 232 249 253 256 225 263 273 269 264 278 265 274 277 270 262 275 276 266 260 272 283 281 280 279 222 223 221 220 ];
index{8}=1+[63 55 87 129 141 9 121 89 101 0 97 62 33 137 80 139 142 117 84 98 70 21 24 126 106 26 19 42 20 64 114 138 132 65 54 73 40 45 193 178 216 199 188 169 190 206 179 153 177 182 183 185 184 155 154 207 147 320 330 292 301 287 309 300 296 316 325 319 291 312 243 231 247 257 248 238 230 252 268 267 259 271 261 282 ];
