data=[	
1	-0.0516843	-1.41742	-0.174882	-0.0545545	0.49005	-1.20592	-0.715017	0
2	-2.20958	-0.67496	-0.174882	-0.0545545	0.326619	-0.696073	-0.285239	0
3	0.307965	-0.67496	-0.174882	-0.0545545	-0.0819587	-0.603373	-0.189733	0
4	0.462101	-0.067496	-0.174882	-0.0545545	0.163188	-0.232576	-0.667264	0
5	-1.38753	-1.21493	-0.174882	-0.0545545	0.408335	-1.15957	-0.715017	0
6	0.873129	-0.742456	-0.174882	-0.0545545	-1.14426	-0.557024	-0.189733	0
7	-1.07925	-1.48491	-0.174882	-0.0545545	-0.490536	-1.25227	-0.76277	0
8	-1.49028	-1.07994	-0.174882	-0.0545545	0.0814723	-1.02052	-0.524005	0
9	-1.54166	-0.404976	-0.174882	-0.0545545	-0.327105	0.045522	0.335551	0
10	-0.411334	-0.67496	-0.174882	-0.0545545	0.49005	-1.48402	-0.953783	0
11	-0.411334	-1.7549	-0.174882	-0.0545545	0.571766	-1.06687	-0.619511	0
12	-1.28477	-0.134992	-0.174882	-0.0545545	-0.490536	-1.53037	-1.00154	0
13	-0.565469	-1.21493	-0.174882	-0.0545545	-0.327105	-1.20592	-0.715017	0
14	0.0510727	-3.74678e-15	-0.174882	-0.0545545	-0.327105	-0.835122	-0.715017	0
15	-1.4389	-0.472472	-0.174882	-0.0545545	-0.163674	-1.57672	-1.04929	0
16	-1.28477	-0.67496	-0.174882	-0.0545545	-0.327105	-0.278926	0.0967853	0
17	-0.822362	-0.33748	-0.174882	-0.0545545	-0.98083	-1.20592	-0.715017	0
18	-0.308577	-1.55241	-0.174882	-0.0545545	0.408335	0.0918717	0.383304	0
19	-1.38753	-0.67496	-0.174882	-0.0545545	-0.899114	-1.02052	-0.571758	0
20	-0.462712	0.472472	-0.174882	-0.0545545	-0.899114	-1.34497	-0.858277	0
21	-0.514091	-0.33748	-0.174882	-0.0545545	-0.98083	-1.29862	-2.38638	0
22	-0.976497	-1.82239	-0.174882	-0.0545545	1.87921	-2.08656	-1.71783	0
23	0.0510727	0.269984	-0.174882	-0.0545545	-0.735683	-0.742422	-0.332993	0
24	-1.02788	-2.29487	-0.174882	-0.0545545	0.49005	-1.80846	-1.28805	0
25	-0.719605	-0.742456	-0.174882	-0.0545545	-0.163674	-1.29862	-1.28805	0
26	-1.07925	-0.877449	-0.174882	-0.0545545	-0.163674	-0.278926	0.0967853	0
27	-1.28477	-0.67496	-0.174882	-0.0545545	-0.24539	-0.788772	-0.380746	0
28	-1.49028	0.067496	-0.174882	-0.0545545	-0.000243201	-0.835122	-0.428499	0
29	-0.359955	-0.877449	-0.174882	-0.0545545	0.244903	-0.696073	-0.285239	0
30	-0.359955	-0.742456	-0.174882	-0.0545545	-0.24539	-0.881471	-0.428499	0
31	0.15383	-0.809953	-0.174882	-0.0545545	-0.490536	-1.11322	-0.667264	0
32	-0.822362	-1.14743	-0.174882	-0.0545545	-0.98083	-0.696073	-0.285239	0
33	0.307965	0.067496	-0.174882	-0.0545545	-1.30769	-0.603373	-0.189733	0
34	-0.514091	-1.41742	-0.174882	-0.0545545	-0.653968	-0.696073	-0.285239	0
35	-1.33615	-1.01244	-0.174882	-0.0545545	-1.55284	-1.43767	-0.90603	0
36	-0.719605	0.269984	-0.174882	-0.0545545	-0.735683	-0.557024	-0.189733	0
37	-1.07925	0.134992	-0.174882	-0.0545545	-0.653968	-0.974171	-0.524005	0
38	0.770372	-0.202488	-0.174882	-0.0545545	0.735197	-0.927821	-0.476252	0
39	-0.925119	-0.539968	-0.174882	-0.0545545	-1.22598	-1.02052	-0.571758	0
40	-0.616848	-0.269984	-0.174882	-0.0545545	-0.163674	-1.29862	-1.00154	0
41	-0.87374	-0.33748	-0.174882	-0.0545545	0.163188	-0.835122	-0.428499	0
42	-1.02788	-0.877449	-0.174882	-0.0545545	0.735197	-0.417975	-0.046474	0
43	-0.514091	-3.74678e-15	-0.174882	-0.0545545	-0.408821	-0.510674	-0.14198	0
44	-1.13063	-0.809953	-0.174882	-0.0545545	-0.000243201	-0.788772	-0.380746	0
45	0.564858	-0.33748	-0.174882	-0.0545545	-0.163674	-0.696073	-0.428499	0
46	-1.6958	-0.809953	-0.174882	-0.0545545	-0.408821	-0.371625	0.0012791	0
47	-0.308577	-1.01244	-0.174882	-0.0545545	0.408335	0.230921	0.526563	0
48	-0.359955	-0.67496	-0.174882	-0.0545545	-0.899114	-1.02052	-0.524005	0
49	-0.411334	-1.01244	-0.174882	-0.0545545	0.653481	-1.62307	-1.09704	0
50	-1.38753	-1.14743	-0.174882	-0.0545545	-0.572252	-0.788772	-0.332993	0
51	-0.668226	0.134992	-0.174882	-0.0545545	-0.653968	-0.371625	-0.667264	0
52	-1.07925	-1.34992	-0.174882	-0.0545545	-0.408821	-2.17926	-1.57457	0
53	-1.4389	-0.944945	-0.174882	-0.0545545	-1.22598	-0.510674	-0.14198	0
54	-1.38753	0.539968	-0.174882	-0.0545545	-1.06255	0.138221	0.431057	0
55	-0.154441	-0.202488	-0.174882	-0.0545545	-2.28828	-1.57672	-1.1448	0
56	0.205208	-0.202488	-0.174882	-0.0545545	-1.79799	-0.788772	-0.380746	0
57	0.0510727	-0.877449	-0.174882	-0.0545545	-1.22598	-0.649723	-0.237486	0
58	-0.514091	-1.01244	-0.174882	-0.0545545	-0.408821	-0.788772	-0.380746	0
59	-0.308577	-1.07994	-0.174882	-0.0545545	-1.63455	-0.788772	-0.332993	0
60	-0.411334	-0.809953	-0.174882	-0.0545545	0.326619	-0.742422	-0.332993	0
61	-0.308577	0.404976	-0.174882	-0.0545545	-0.000243201	-0.186226	0.192291	0
62	0.102451	-0.944945	-0.174882	-0.0545545	-0.735683	-1.02052	-0.571758	0
63	-0.719605	-0.607464	-0.174882	-0.0545545	-0.163674	-0.139877	0.192291	0
64	-1.64442	-1.34992	-0.174882	-0.0545545	-0.327105	-1.20592	-0.715017	0
65	-0.154441	-1.41742	-0.174882	-0.0545545	0.0814723	-0.788772	-0.332993	0
66	-1.33615	-0.472472	-0.174882	-0.0545545	0.326619	0.0918717	0.431057	0
67	-1.28477	-0.877449	-0.174882	-0.0545545	-0.735683	-0.788772	-0.380746	0
68	0.102451	0.472472	-0.174882	-0.0545545	-0.653968	-0.139877	0.192291	0
69	-1.28477	-0.877449	-0.174882	-0.0545545	-0.572252	-1.11322	-0.667264	0
70	-0.770983	-0.134992	-0.174882	-0.0545545	0.49005	-0.464324	-0.0942271	0
71	-1.23339	-1.61991	-0.174882	-0.0545545	-1.30769	-1.15957	-0.715017	0
72	-0.308577	0.067496	-0.174882	-0.0545545	-0.24539	-1.11322	-0.667264	0
73	-0.668226	-3.74678e-15	-0.174882	-0.0545545	-0.653968	-0.649723	-0.237486	0
74	-0.308577	-0.539968	-0.174882	-0.0545545	-0.653968	-1.15957	-1.43131	0
75	-1.33615	-0.472472	-0.174882	-0.0545545	-1.06255	-1.02052	-0.571758	0
76	-0.411334	-1.34992	-0.174882	-0.0545545	-0.163674	-1.11322	-0.667264	0
77	-0.103063	-0.539968	-0.174882	-0.0545545	-0.408821	-1.15957	-0.715017	0
78	-0.462712	-0.134992	-0.174882	-0.0545545	0.0814723	-0.278926	0.0490322	0
79	-0.308577	-1.48491	-0.174882	-0.0545545	-0.572252	-1.06687	-0.619511	0
80	-1.07925	-0.607464	-0.174882	-0.0545545	-0.163674	-0.557024	-0.189733	0
81	-0.822362	-1.48491	-0.174882	-0.0545545	-0.735683	-0.696073	-0.285239	0
82	-0.462712	-0.472472	-0.174882	-0.0545545	-0.408821	-0.881471	-0.428499	0
83	-1.07925	-0.202488	-0.174882	-0.0545545	-0.735683	-1.25227	-0.76277	0
84	-0.822362	0.33748	-0.174882	-0.0545545	0.653481	-0.881471	-0.428499	0
85	-0.719605	0.404976	-0.174882	-0.0545545	-0.572252	-0.232576	0.144538	0
86	-0.514091	-0.269984	-0.174882	-0.0545545	0.163188	-0.0471773	0.287798	0
87	-0.000305824	-0.067496	-0.174882	-0.0545545	-0.0819587	-0.186226	0.144538	0
88	0.102451	-0.404976	-0.174882	-0.0545545	-1.06255	-0.649723	-0.380746	0
89	-0.000305824	0.067496	-0.174882	-0.0545545	-1.8797	-1.25227	-0.76277	0
90	0.15383	-0.539968	-0.174882	-0.0545545	-2.77857	-0.974171	-0.524005	0
91	-0.822362	-0.269984	-0.174882	-0.0545545	0.163188	-0.696073	-0.285239	0
92	-0.514091	-0.539968	-0.174882	-0.0545545	-1.06255	-1.06687	-1.09704	0
93	-0.462712	-0.472472	-0.174882	-0.0545545	-0.000243201	-1.20592	-1.19255	0
94	-1.02788	-0.33748	-0.174882	-0.0545545	-1.14426	-1.34497	-0.858277	0
95	-0.976497	-0.202488	-0.174882	-0.0545545	-1.71627	-1.02052	-0.524005	0
96	0.718993	1.7549	-0.174882	-0.0545545	-0.408821	-0.696073	-0.571758	0
97	-0.770983	-0.877449	-0.174882	-0.0545545	-1.63455	-0.742422	-0.332993	0
98	0.359344	0.269984	-0.174882	-0.0545545	-1.06255	-1.02052	-0.810523	0
99	0.770372	0.33748	-0.174882	-0.0545545	-1.30769	-0.603373	-1.04929	0
100	0.0510727	-0.269984	-0.174882	-0.0545545	0.653481	-0.881471	-0.428499	0
101	-0.616848	-0.67496	-0.174882	-0.0545545	1.06206	-1.15957	-0.715017	0
102	-1.33615	0.472472	-0.174882	-0.0545545	1.06206	-0.742422	-0.332993	0
103	-0.616848	-1.61991	-0.174882	-0.0545545	0.326619	-1.57672	-1.04929	0
104	-0.87374	-0.202488	-0.174882	-0.0545545	0.244903	-1.48402	-1.00154	0
105	-1.33615	-1.07994	-0.174882	-0.0545545	-0.98083	-0.927821	-0.476252	0
106	-1.23339	-3.74678e-15	-0.174882	-0.0545545	-0.490536	-0.835122	-0.428499	0
107	-0.308577	-0.067496	-0.174882	-0.0545545	-0.899114	-0.557024	-0.476252	0
108	-0.359955	-1.21493	-0.174882	-0.0545545	-1.38941	-0.232576	0.0967853	0
