index1=1+[123 30 118 84 93 71 34 36 38 40 29 1 87 112 76 8 15 55 21 28 101 107 75 74 83 57 99 108 109 128 16 89 62 68 91 56 124 136 58 94 81 50 25 96 20 82 131 48 7 41 10 3 12 88 49 90 125 52 9 63 18 69 0 67 100 127 70 19 103 80 171 201 202 144 174 177 149 217 208 210 165 159 156 179 169 155 212 190 192 175 200 181 193 209 160 148 195 199 145 152 186 180 188 182 154 153 172 196 166 310 286 295 320 321 329 314 307 303 304 330 293 312 326 287 313 302 333 290 289 308 291 327 323 297 306 229 252 239 237 249 243 240 250 234 236 230 227 224 225 256 257 233 235 259 265 264 274 266 260 271 262 261 268 279 282 283 222 220]; 
index2=1+[114 45 2 110 11 135 121 133 142 53 106 117 39 27 120 59 61 92 115 43 54 4 95 78 111 129 126 116 17 72 140 51 22 13 130 119 5 122 24 14 33 46 23 42 6 85 132 104 113 26 60 138 134 97 44 31 73 77 137 79 86 32 105 98 64 37 139 66 65 141 102 35 47 168 158 214 206 197 178 211 173 207 203 191 187 146 143 161 151 184 218 157 216 167 213 147 185 215 183 204 176 150 198 164 170 219 189 194 162 163 205 328 300 316 311 334 292 298 284 332 315 285 322 318 317 305 319 296 288 331 309 324 325 294 301 299 335 232 238 254 226 248 242 247 258 231 244 241 228 253 245 251 255 246 267 276 263 269 270 273 275 272 278 277 281 280 223 221]; 
