index1=1+[2879 9935 9509 2846 3572 1175 59 9278 8474 2711 2417 3386 959 11921 7190 6995 2258 9548 3842 10397 6962 3020 4253 2108 6905 2249 4823 3383 9503 3617 8510 3614 3095 4490 5702 1304 8087 878 9008 10190 5099 12290 5792 5660 1880 5711 10088 2957 3755 9824 10118 1001 6548 4328 1652 4850 3671 2597 3851 11711 890 4715 5369 3473 5975 3626 2153 12587 7748 5948 5258 2969 398 2945 5054 5633 7595 11705 3395 2273 305 3752 5123 4148 9284 74 437 3275 2795 6764 7109 2078 3983 482 11063 3839 4784 2900 3824 3938 1832 5483 4859 1823 3269 7325 9974 12494 9917 1211 10100 6152 6749 2522 2186 5579 12884 5618 12161 2630 4430 2366 5645 8591 8219 7496 5042 12053 1610 4529 4526 2270 4907 3749 3875 8777 4733 1118 10850 923 9125 12191 749 821 5924 8279 899 3545 4187 3773 1913 1238 548 194 5465 509 4412 2798 8555 10211 3542 695 12809 7217 6017 10031 4589 11717 2888 7508 7568 9134 9845 11792 3884 323 7127 3059 4865 9731 4559 11018 3122 3104 1967 1433 7586 956 3554 4676 7061 4034 10742 6968 4250 11678 6302 1391 2093 7994 3425 8588 3470 3305 10457 6341 4040 10430 6281 8105 8330 4202 6842 9128 9281 3140 5810 2441 3710 935 4487 11510 12539 1487 4091 2135 6176 5978 4652 6143 1919 2534 1262 5915 9893 3032 10892 10901 7736 1934 2678 4067 6686 7760 782 4535 11195 12863 12386 7685 2540 2654 2747 743 11843 8465 7118 1361 3053 1199 4967 1865 1430 4922 7529 9800 3431 7658 1523 5501 4586 710 11768 11213 2318 5588 10982 9605 9458 1910 1841 3080 9635 1019 11042 12182 6182 407 1997 10346 7763 1358 6761 1013 2105 2165 3974 12932 962 8786 3296 3176 12563 10415 10979 11810 4238 3134 9344 1427 7919 7817 1655 4904 1559 5177 401 9782 5159 1142 7523 12047 4439 5519 3131 8942 8504 1805 12869 9653 11420 1076 4745 9713 10778 1550 1850 6335 5636 4442 7346 2765 3956 1859 4799 12374 4259 10952 9704 8528 8642 10715 4058 11441 2141 7406 12038 1601 1946 3488 1637 2939 5903 6992 5849 4556 10268 5045 11387 9113 8558 6356 12845 1889 8708 5027 2942 2861 9287 7202 5930 3239 3407 11318 8780 5531 7187 8861 425 4580 9701 12134 7667 1541 3011 2912 5864 5312 2219 833 12128 2072 3899 1208 9209 191 12041 6305 8117 5606 12347 1172 287 11111 6209 9809 9683 8075 629 9539 7307 6491 5597 12875 2090 8237 6554 5807 10217 347 10361 12656 8522 12872 1730 8393 11024 4382 1412 8612 5387 4139 1331 11723 8858 7442 7883 10262 5762 4625 1802 11072 32 4373 9779 11537 4094 8888 6638 4199 4184 8447 5909 2081 11819 6161 12899 3029 6446 3461 737 5372 4592 4505 1640 6437 2933 9848 10235 7931 12020 5999 4832 12614 6791 9266 10871 11516 149 11897 2486 12116 10532 11078 9251 12554 12098 3152 6803 6950 9596 9905 9608 2462 11825 4607 1898 4271 3401 2465 5213 7958 10178 10808 3356 5297 6944 1505 1103 2291 1994 12596 2177 4142 560 12602 8978 1790 2261 3584 329 1883 1964 10496 3221 5339 6833 10181 1751 7241 6239 6020 56 12599 9218 7310 8273 2801 920 7592 5459 10712 6092 6221 3404 7997 2015 11003 6395 9563 6410 2027 9722 9497 6674 2099 1094 11858 11099 12488 6896 3434 2411 4916 6419 842 12857 7478 7349 11837 995 5288 7964 12176 12392 11465 5534 752 10160 1535 12728 7067 1544 10874 4097 7169 4661 7136 6314 2237 5621 4949 341 5831 9023 4274 11222 6494 9413 8852 8678 6332 11849 5873 8546 8999 44 3794 6668 10337 5525 8636 1343 12050 7193 12320 8813 2684 12224 1349 12746 626 9518 8549 11870 9485 11480 4604 3158 1373 12260 1091 3398 4304 8936 3944 7373 6266 8594 8453 3971 7961 7277 11033 7367 4964 9386 1127 2576 5495 8228 2570 6320 12272 3119 5174 1808 1202 6254 365 11873 5747 10484 1400 8387 9173 6773 12815 4226 5639 10919 2288 1163 11108 8441 10529 5507 3428 7085 257 10550 2828 11210 4334 2771 4043 6767 2477 4406 1403 7094 9197 3362 10643 7271 12470 3137 6194 9860 5603 9902 2921 6323 6821 5972 12911 2813 9356 3056 2864 7625 9965 10886 11759 4316 164 518 4787 4076 8879 5498 6158 10553 8540 587 5771 6647 4256 5336 9086 9194 1271 4703 11603 7841 10754 11375 3350 8918 3497 8168 1916 10298 272 7097 7361 6872 3506 5051 6032 4145 5114 2792 1457 2750 5030 12701 4364 9749 2156 7514 6689 5900 9092 2627 3443 11150 2147 9641 6704 3878 4460 3233 8027 9179 4286 2234 12071 12584 653 5351 6845 10352 7172 10070 3791 9140 8195 10370 10994 12842 4061 6581 6794 5537 5885 5414 9410 10403 5150 3143 7787 12122 1796 1364 2336 9011 5186 2126 10541 7757 3713 5075 2648 5699 10685 6641 4955 4469 3206 9290 11471 10292 6524 8081 2867 7031 5690 1388 4742 11252 9659 5066 1925 2954 10289 12779 6572 9599 5882 5267 6539 6062 3146 7655 8384 1502 5672 5078 12680 9185 4835 1049 7040 2129 5357 10355 3611 3311 7733 3374 10877 7493 4244 7583 2633 4946 3008 5576 11957 3200 12803 2447 9725 4514 8687 9788 6107 4913 11336 4433 1034 3167 1052 12365 5981 9293 7811 7175 2372 10085 986 8183 8705 4997 4013 4055 617 7178 7037 6353 5939 1907 2294 11831 8603 2030 6626 12110 2876 10214 683 971 11030 3389 2042 4541 7316 11135 7802 6497 6920 5363 4910 4649 4214 10448 7955 455 446 1280 5381 182 296 6902 6101 5429 11261 3914 5681 11114 3320 11351 4409 11750 3164 4940 6635 4628 5891 6344 5009 4538 9116 9479 5012 5108 6941 6404 12479 3203 1877 4931 4919 356 5615 4925 12077 4451 4634 12833 7151 3218 6149 10571 1310 4265 8459 12914 8156 1715 3836 8189 11117 9203 929 7103 10130 10196 6272 10091 11909 1826 680 8399 4130 1700 284 7469 2834 12380 5888 10667 1229 12266 6518 1031 8288 6575 6455 9584 314 5147 5801 974 12530 11264 2180 9794 4136 2393 12326 218 8753 5291 11987 12509 2753 5171 623 4826 8789 11777 9167 6788 1688 3083 7247 12854 3578 7976 8909 1181 6005 4319 8933 11627 11672 2720 11504 893 6449 2903 7589 9245 12341 10145 10760 212 11333 12896 7844 2600 10640 566 12650 11771 11432 4349 6350 4691 10658 11852 6758 6665 4154 7379 7901 5846 7985 12089 5303 12095 3869 8192 2048 6485 6914 10958 1415 5627 9338 5201 47 7430 4157 7475 818 4511 8417 4448 11396 12536 11630 3605 5477 12836 6128 5987 2822 8738 10832 3566 7463 11348 7244 7148 7199 8984 3482 1289 6317 299 11804 10865 10565 1703 5540 728 4562 1148 9395 989 9578 4445 6989 6965 3476 12401 3665 10934 2936 3686 7265 1481 4853 10004 8132 659 4424 12062 8618 6146 12623 4193 1256 4178 3569 3077 5528 9482 1529 7742 2363 1082 12032 11093 740 8972 6413 8831 9065 9587 6620 3941 8153 9671 7412 4283 10439 701 11090 10991 4337 6389 3995 3704 2555 11000 12515 10838 11990 7694 2891 12323 4517 8135 7559 10259 461 10373 6326 2843 3953 8336 11762 8222 7460 1070 7718 2594 2768 2204 9632 5732 7772 7007 4547 11669 5102 3722 8015 6797 4241 4754 8609 8420 5024 10940 5585 6008 11855 8150 4577 827 8276 10664 11576 9422 10220 3191 6917 8576 2705 8606 8564 12527 7691 6863 3035 5657 8843 4124 6512 7538 2246 5090 3923 7649 1712 7790 11066 11294 10823 3731 4679 3467 7604 686 4295 2189 9611 12491 4217 7838 4889 8981 11132 4766 797 2216 10637 1469 8435 10226 7436 4712 4121 9389 2759 2282 8711 6431 1976 7448 2021 6479 5039 9155 9566 4868 641 4844 4568 11798 10811 2606 8615 4814 1553 10283 3521 5276 1769 2102 7709 7142 4355 6218 5153 1007 11204 146 6692 12713 569 887 4370 8648 10364 8561 8720 2837 2660 9953 4574 785 1619 158 269 7778 3089 452 7805 8240 8765 3491 7871 9920 9890 2849 9326 10412 3149 11165 11744 374 6815 1982 6392 4127 9323 10829 3857 4601 7925 7064 4532 2831 107 6980 4010 12371 5378 11813 8513 4667 6929 7808 4856 8093 10487 776 9350 9758 4685 4874 1301 2276 3701 11714 3725 10946 9830 9773 10343 5447 1499 2162 9557 10247 6068 4133 3449 2057 10469 7205 290 4163 5129 9851 41 2825 11732 8960 2207 3599 2699 11690 5552 2615 5855 1595 9152 12662 7451 8318 9629 7394 11729 911 3074 10961 2069 11306 9602 4631 2948 137 4310 6716 1853 10418 5408 10016 4637 944 11795 3848 6938 2051 8873 11879 6527 6515 11255 4004 5360 1025 11900 8369 8855 2240 5270 5798 8837 4376 6287 9617 3023 1463 8099 9941 7415 10547 9302 2039 3926 2489 2990 338 3695 5789 6818 3737 2384 12200 5402 3278 11591 7115 11453 8597 11006 2636 4262 10241 8885 11168 4985 2528 2984 3287 4775 3419 7616 12944 7370 1241 6977 4232 5687 3071 4961 7025 7250 9689 12143 674 6617 2723 12410 1658 11552 3263 6782 1124 2375 10526 12185 11978 7922 8939 3560 3632 12221 11666 140 10103 254 7928 9698 3329 6338 4052 12569 10097 1139 11654 