data=[	
1	-1.34125	-1.34125	-1.52084	-1.22439	-1.22439	-1.22439	1
2	-1.34125	-1.34125	-1.52084	-1.22439	-1.22439	0	1
3	-1.34125	-1.34125	-1.52084	-1.22439	-1.22439	1.22439	1
4	-1.34125	-1.34125	-1.52084	-1.22439	0	-1.22439	1
5	-1.34125	-1.34125	-1.52084	-1.22439	0	0	1
6	-1.34125	-1.34125	-1.52084	-1.22439	0	1.22439	1
7	-1.34125	-1.34125	-1.52084	-1.22439	1.22439	-1.22439	1
8	-1.34125	-1.34125	-1.52084	-1.22439	1.22439	0	1
9	-1.34125	-1.34125	-1.52084	-1.22439	1.22439	1.22439	1
10	-1.34125	-1.34125	-1.52084	0	-1.22439	-1.22439	1
11	-1.34125	-1.34125	-1.52084	0	-1.22439	0	1
12	-1.34125	-1.34125	-1.52084	0	-1.22439	1.22439	1
13	-1.34125	-1.34125	-1.52084	0	0	-1.22439	1
14	-1.34125	-1.34125	-1.52084	0	0	0	1
15	-1.34125	-1.34125	-1.52084	0	0	1.22439	1
16	-1.34125	-1.34125	-1.52084	0	1.22439	-1.22439	1
17	-1.34125	-1.34125	-1.52084	0	1.22439	0	1
18	-1.34125	-1.34125	-1.52084	0	1.22439	1.22439	1
19	-1.34125	-1.34125	-1.52084	1.22439	-1.22439	-1.22439	1
20	-1.34125	-1.34125	-1.52084	1.22439	-1.22439	0	1
21	-1.34125	-1.34125	-1.52084	1.22439	-1.22439	1.22439	1
22	-1.34125	-1.34125	-1.52084	1.22439	0	-1.22439	1
23	-1.34125	-1.34125	-1.52084	1.22439	0	0	1
24	-1.34125	-1.34125	-1.52084	1.22439	0	1.22439	1
25	-1.34125	-1.34125	-1.52084	1.22439	1.22439	-1.22439	1
26	-1.34125	-1.34125	-1.52084	1.22439	1.22439	0	1
27	-1.34125	-1.34125	-1.52084	1.22439	1.22439	1.22439	1
28	-1.34125	-1.34125	-0.168982	-1.22439	-1.22439	-1.22439	1
29	-1.34125	-1.34125	-0.168982	-1.22439	-1.22439	0	1
30	-1.34125	-1.34125	-0.168982	-1.22439	-1.22439	1.22439	1
31	-1.34125	-1.34125	-0.168982	-1.22439	0	-1.22439	1
32	-1.34125	-1.34125	-0.168982	-1.22439	0	0	1
33	-1.34125	-1.34125	-0.168982	-1.22439	0	1.22439	1
34	-1.34125	-1.34125	-0.168982	-1.22439	1.22439	-1.22439	1
35	-1.34125	-1.34125	-0.168982	-1.22439	1.22439	0	1
36	-1.34125	-1.34125	-0.168982	-1.22439	1.22439	1.22439	1
37	-1.34125	-1.34125	-0.168982	0	-1.22439	-1.22439	1
38	-1.34125	-1.34125	-0.168982	0	-1.22439	0	1
39	-1.34125	-1.34125	-0.168982	0	-1.22439	1.22439	1
40	-1.34125	-1.34125	-0.168982	0	0	-1.22439	1
41	-1.34125	-1.34125	-0.168982	0	0	0	1
42	-1.34125	-1.34125	-0.168982	0	0	1.22439	1
43	-1.34125	-1.34125	-0.168982	0	1.22439	-1.22439	1
44	-1.34125	-1.34125	-0.168982	0	1.22439	0	1
45	-1.34125	-1.34125	-0.168982	0	1.22439	1.22439	1
46	-1.34125	-1.34125	-0.168982	1.22439	-1.22439	-1.22439	1
47	-1.34125	-1.34125	-0.168982	1.22439	-1.22439	0	1
48	-1.34125	-1.34125	-0.168982	1.22439	-1.22439	1.22439	1
49	-1.34125	-1.34125	-0.168982	1.22439	0	-1.22439	1
50	-1.34125	-1.34125	-0.168982	1.22439	0	0	1
51	-1.34125	-1.34125	-0.168982	1.22439	0	1.22439	1
52	-1.34125	-1.34125	-0.168982	1.22439	1.22439	-1.22439	1
53	-1.34125	-1.34125	-0.168982	1.22439	1.22439	0	1
54	-1.34125	-1.34125	-0.168982	1.22439	1.22439	1.22439	1
55	-1.34125	-1.34125	1.18287	-1.22439	-1.22439	-1.22439	1
56	-1.34125	-1.34125	1.18287	-1.22439	-1.22439	0	1
57	-1.34125	-1.34125	1.18287	-1.22439	-1.22439	1.22439	1
58	-1.34125	-1.34125	1.18287	-1.22439	0	-1.22439	1
59	-1.34125	-1.34125	1.18287	-1.22439	0	0	1
60	-1.34125	-1.34125	1.18287	-1.22439	0	1.22439	1
61	-1.34125	-1.34125	1.18287	-1.22439	1.22439	-1.22439	1
62	-1.34125	-1.34125	1.18287	-1.22439	1.22439	0	1
63	-1.34125	-1.34125	1.18287	-1.22439	1.22439	1.22439	1
64	-1.34125	-1.34125	1.18287	0	-1.22439	-1.22439	1
65	-1.34125	-1.34125	1.18287	0	-1.22439	0	1
66	-1.34125	-1.34125	1.18287	0	-1.22439	1.22439	1
67	-1.34125	-1.34125	1.18287	0	0	-1.22439	1
68	-1.34125	-1.34125	1.18287	0	0	0	1
69	-1.34125	-1.34125	1.18287	0	0	1.22439	1
70	-1.34125	-1.34125	1.18287	0	1.22439	-1.22439	1
71	-1.34125	-1.34125	1.18287	0	1.22439	0	1
72	-1.34125	-1.34125	1.18287	0	1.22439	1.22439	1
73	-1.34125	-1.34125	1.18287	1.22439	-1.22439	-1.22439	1
74	-1.34125	-1.34125	1.18287	1.22439	-1.22439	0	1
75	-1.34125	-1.34125	1.18287	1.22439	-1.22439	1.22439	1
76	-1.34125	-1.34125	1.18287	1.22439	0	-1.22439	1
77	-1.34125	-1.34125	1.18287	1.22439	0	0	1
78	-1.34125	-1.34125	1.18287	1.22439	0	1.22439	1
79	-1.34125	-1.34125	1.18287	1.22439	1.22439	-1.22439	1
80	-1.34125	-1.34125	1.18287	1.22439	1.22439	0	1
81	-1.34125	-1.34125	1.18287	1.22439	1.22439	1.22439	1
82	-1.34125	-1.34125	0.506946	-1.22439	-1.22439	-1.22439	1
83	-1.34125	-1.34125	0.506946	-1.22439	-1.22439	0	1
84	-1.34125	-1.34125	0.506946	-1.22439	-1.22439	1.22439	1
85	-1.34125	-1.34125	0.506946	-1.22439	0	-1.22439	1
86	-1.34125	-1.34125	0.506946	-1.22439	0	0	1
87	-1.34125	-1.34125	0.506946	-1.22439	0	1.22439	1
88	-1.34125	-1.34125	0.506946	-1.22439	1.22439	-1.22439	1
89	-1.34125	-1.34125	0.506946	-1.22439	1.22439	0	1
90	-1.34125	-1.34125	0.506946	-1.22439	1.22439	1.22439	1
91	-1.34125	-1.34125	0.506946	0	-1.22439	-1.22439	1
92	-1.34125	-1.34125	0.506946	0	-1.22439	0	1
93	-1.34125	-1.34125	0.506946	0	-1.22439	1.22439	1
94	-1.34125	-1.34125	0.506946	0	0	-1.22439	1
95	-1.34125	-1.34125	0.506946	0	0	0	1
96	-1.34125	-1.34125	0.506946	0	0	1.22439	1
97	-1.34125	-1.34125	0.506946	0	1.22439	-1.22439	1
98	-1.34125	-1.34125	0.506946	0	1.22439	0	1
99	-1.34125	-1.34125	0.506946	0	1.22439	1.22439	1
100	-1.34125	-1.34125	0.506946	1.22439	-1.22439	-1.22439	1
101	-1.34125	-1.34125	0.506946	1.22439	-1.22439	0	1
102	-1.34125	-1.34125	0.506946	1.22439	-1.22439	1.22439	1
103	-1.34125	-1.34125	0.506946	1.22439	0	-1.22439	1
104	-1.34125	-1.34125	0.506946	1.22439	0	0	1
105	-1.34125	-1.34125	0.506946	1.22439	0	1.22439	1
106	-1.34125	-1.34125	0.506946	1.22439	1.22439	-1.22439	1
107	-1.34125	-1.34125	0.506946	1.22439	1.22439	0	1
108	-1.34125	-1.34125	0.506946	1.22439	1.22439	1.22439	1
109	-1.34125	-0.447084	-1.52084	-1.22439	-1.22439	-1.22439	1
110	-1.34125	-0.447084	-1.52084	-1.22439	-1.22439	0	1
111	-1.34125	-0.447084	-1.52084	-1.22439	-1.22439	1.22439	1
112	-1.34125	-0.447084	-1.52084	-1.22439	0	-1.22439	1
113	-1.34125	-0.447084	-1.52084	-1.22439	0	0	1
114	-1.34125	-0.447084	-1.52084	-1.22439	0	1.22439	1
115	-1.34125	-0.447084	-1.52084	-1.22439	1.22439	-1.22439	1
116	-1.34125	-0.447084	-1.52084	-1.22439	1.22439	0	1
117	-1.34125	-0.447084	-1.52084	-1.22439	1.22439	1.22439	1
118	-1.34125	-0.447084	-1.52084	0	-1.22439	-1.22439	1
119	-1.34125	-0.447084	-1.52084	0	-1.22439	0	1
120	-1.34125	-0.447084	-1.52084	0	-1.22439	1.22439	1
121	-1.34125	-0.447084	-1.52084	0	0	-1.22439	1
122	-1.34125	-0.447084	-1.52084	0	0	0	1
123	-1.34125	-0.447084	-1.52084	0	0	1.22439	1
124	-1.34125	-0.447084	-1.52084	0	1.22439	-1.22439	1
125	-1.34125	-0.447084	-1.52084	0	1.22439	0	1
126	-1.34125	-0.447084	-1.52084	0	1.22439	1.22439	1
127	-1.34125	-0.447084	-1.52084	1.22439	-1.22439	-1.22439	1
128	-1.34125	-0.447084	-1.52084	1.22439	-1.22439	0	1
129	-1.34125	-0.447084	-1.52084	1.22439	-1.22439	1.22439	1
130	-1.34125	-0.447084	-1.52084	1.22439	0	-1.22439	1
131	-1.34125	-0.447084	-1.52084	1.22439	0	0	1
132	-1.34125	-0.447084	-1.52084	1.22439	0	1.22439	1
133	-1.34125	-0.447084	-1.52084	1.22439	1.22439	-1.22439	1
134	-1.34125	-0.447084	-1.52084	1.22439	1.22439	0	1
135	-1.34125	-0.447084	-1.52084	1.22439	1.22439	1.22439	1
136	-1.34125	-0.447084	-0.168982	-1.22439	-1.22439	-1.22439	1
137	-1.34125	-0.447084	-0.168982	-1.22439	-1.22439	0	1
138	-1.34125	-0.447084	-0.168982	-1.22439	-1.22439	1.22439	1
139	-1.34125	-0.447084	-0.168982	-1.22439	0	-1.22439	1
140	-1.34125	-0.447084	-0.168982	-1.22439	0	0	1
141	-1.34125	-0.447084	-0.168982	-1.22439	0	1.22439	1
142	-1.34125	-0.447084	-0.168982	-1.22439	1.22439	-1.22439	1
143	-1.34125	-0.447084	-0.168982	-1.22439	1.22439	0	1
144	-1.34125	-0.447084	-0.168982	-1.22439	1.22439	1.22439	1
145	-1.34125	-0.447084	-0.168982	0	-1.22439	-1.22439	1
146	-1.34125	-0.447084	-0.168982	0	-1.22439	0	1
147	-1.34125	-0.447084	-0.168982	0	-1.22439	1.22439	1
148	-1.34125	-0.447084	-0.168982	0	0	-1.22439	1
149	-1.34125	-0.447084	-0.168982	0	0	0	1
150	-1.34125	-0.447084	-0.168982	0	0	1.22439	1
151	-1.34125	-0.447084	-0.168982	0	1.22439	-1.22439	1
152	-1.34125	-0.447084	-0.168982	0	1.22439	0	1
153	-1.34125	-0.447084	-0.168982	0	1.22439	1.22439	1
154	-1.34125	-0.447084	-0.168982	1.22439	-1.22439	-1.22439	1
