index1=1+[1130 1232 1268 1607 1124 1241 1508 1259 1700 1538 1187 1475 1670 1178 1673 1484 1133 1148 1511 1292 1664 1472 1184 1151 1214 1421 1619 1265 1592 1529 1160 1481 1499 473 645 1257 92 352 720 247 19 479 1162 15 937 152 380 600 628 385 119 193 110 960 1041 1115 626 1239 798 44 417 1404 796 1487 558 81 1275 1459 243 14 795 407 761 472 1431 124 1713 711 1197 356 169 278 735 1674 21 129 330 495 1308 765 93 1254 999 137 151 1329 1222 1491 869 155 213 332 739 220 1650 903 1651 198 0 436 1531 240 393 1575 180 261 1332 1060 1044 300 1570 1085 408 270 264 1411 886 1306 16 531 156 1473 184 975 370 211 1513 778 379 1135 228 515 1354 856 490 1314 548 882 1542 37 520 109 1047 594 212 62 1074 1131 1425 815 1543 345 122 1686 950 58 467 26 696 703 442 502 483 1278 1139 509 925 256 158 756 149 115 216 1578 1233 898 895 476 412 652 918 253 255 130 1270 861 1325 1059 125 1014 469 771 75 736 23 1485 1596 238 1193 397 1195 1351 1569 1134 361 203 693 179 884 1439 1360 199 72 1470 1438 964 733 1406 1297 24 39 107 12 1344 1101 717 498 388 1053 536 1320 1208 602 503 38 801 471 1500 47 77 506 640 1682 1416 1355 839 64 194 1455 172 1362 996 1656 1503 1176 423 1272 97 294 1158 1318 369 1003 342 651 1489 1342 291 463 145 951 1087 1137 657 1396 922 1002 178 694 1027 303 920 1311 892 955 1281 171 1493 900 1223 1644 440 723 190 433 1006 140 153 541 1152 358 732 949 776 1243 1408 1298 649 443 1302 223 9 71 947 939 252 1188 449 973 737 512 704 921 1030 1597 484 1544 744 1143 760 1407 547 35 544 357 285 248 1269 61 807 1020 897 321 1605 559 477 1209 1246 1617 669 188 579 486 1509 251 1422 57 1649 789 1698 575 138 1443 1621 499 1608 481 910 328 1316 729 517 1432 1168 874 1004 126 102 681 42 28 685 676 1571 845 1169 1440 162 258 221 121 343 750 1092 177 219 636 1034 1379 1104 604 305 568 906 202 1545 675 687 324 1326 363 829 411 364 160 466 945 13 924 930 510 100 522 731 1446 538 1017 1055 690 936 1035 748 1082 87 1119 103 985 741 1341 1659 680 1648 1141 1190 650 545 59 1299 99 448 1719 849 381 912 653 818 1412 928 1163 894 888 372 791 1207 104 1128 1601 534 762 526 91 707 972 470 868 783 133 542 596 1000 63 519 414 1654 844 1476 505 570 757 1548 134 236 410 378 1045 316 354 1506 456 1671 366 1273 1677 383 784 1100 123 204 591 730 977 831 500 112 1113 841 1488 1072 329 229 1057 1012 86 207 1167 786 117 1179 820 288 1497 51 1381 679 474 612 1218 1464 101 658 1357 334 877 208 164 11 533 3 1251 768 1350 53 1309 250 1203 415 170 165 201 106 1338 1492 1409 105 1026 135 1490 79 1494 1701 85 1623 351 837 1009 546 452 2 225 1653 1521 683 1011 633 1377 1023 969 1142 661 842 623 514 992 1624 95 766 758 1419 1063 69 318 525 1676 49 1368 1189 1383 157 535 185 1640 1088 94 1530 1595 1056 1435 1384 1704 1215 561 132 375 764 1679 1081 1638 1498 611 389 1126 1147 740 1225 641 239 929 284 755 404 1123 260 931 551 1052 673 1159 1021 314 377 700 632 371 1069 1121 848 772 1447 310 725 322 715 566 830 1660 230 265 671 292 430 374 1118 665 664 934 1252 781 1340 644 1076 1474 767 1444 965 913 320 425 1070 1015 634 686 1522 1403 400 418 1105 1261 857 556 743 691 391 1633 1228 392 1117 1024 1373 1711 1181 593 932 1096 1525 1019 1120 889 563 914 1471 1469 1048 421 716 313 638 827 754 692 308 617 1079 722 770 773 826 241 610 340 1375 962 907 1067 319 395 943 719 1013 296 833 1453 290 1456 608 1307 554 1534 1288 1468 835 724 1393 286 880 935 875 863 259 1420 266 697 938 944 941 998 1345 341 1064 751 1172 587 988 695 989 1445 659 698 1171 1361 803 338 584 986 1417 1174 1094 1046 1066 1310 890 1349 589 1319 1129 1073 1334 1478 428 745 853 605 1156 1321 851 1507 1153 970 646 878 1229 1553 1582 1714 1555 1282 1672 1550 1636 1561 1577 1687 1285 1717 1255 1231 1535 1669 1294 1586 1240 1721 1291 1523 1211 1213 1289 1537 1618 1690 1258 1699 1631 1280 1609 ];
index2=1+[1295 1430 1556 1562 1688 1286 1175 1502 1697 1715 1589 1205 1448 1616 1106 1565 1646 1256 1580 1583 1238 1718 1454 1691 1283 1610 1637 1097 1457 1157 1724 1727 847 457 1108 492 654 298 1111 663 445 1080 1245 420 1008 622 585 615 386 1146 1333 446 1386 1652 656 709 792 952 120 666 1600 904 1716 642 118 627 987 45 222 249 146 629 1077 852 1410 191 564 1524 872 963 493 954 1380 1250 454 176 901 224 82 1515 957 588 946 1358 1573 209 384 399 876 1033 571 598 1328 348 1336 1155 1629 1219 855 465 1161 991 337 458 599 444 1260 574 1356 226 1247 532 1107 550 948 1290 1560 282 569 1436 297 1707 1 865 1541 601 1224 706 1112 840 90 1001 1249 981 487 790 1520 182 451 274 196 1005 1242 60 78 1557 453 438 870 926 70 275 289 267 32 1675 494 1689 1185 1683 708 8 1007 1702 1486 450 214 540 1212 1018 355 1248 17 147 1614 953 1626 496 80 527 879 1374 1581 1708 1028 747 1635 175 1385 10 966 573 843 307 488 1323 1062 464 885 346 424 511 174 979 734 1301 982 523 1369 136 192 1458 1725 810 1437 993 1424 271 1263 1293 1098 1479 111 763 245 173 280 434 1433 1331 1639 1632 705 387 613 210 435 624 1584 1518 1452 915 468 1434 1514 30 774 141 858 276 4 231 927 508 871 206 518 273 1138 866 1032 1401 1266 603 1164 1324 1170 73 1061 1628 1230 682 1678 25 1054 1352 1563 1166 1620 811 678 1347 923 462 621 788 1136 667 336 1216 553 994 984 142 688 813 1095 480 167 1423 1532 753 432 143 200 1068 677 301 327 1276 114 1539 1519 1398 606 684 272 1554 108 1300 549 96 552 618 974 186 639 513 1317 161 1533 714 896 1460 1220 1710 893 530 1463 1668 1244 150 1551 507 405 1567 148 1296 978 726 144 1602 48 89 52 460 325 1335 699 793 50 834 516 1305 1029 609 1662 1114 55 562 543 113 29 1461 41 1206 237 668 1084 1182 521 183 1287 65 244 1395 74 1327 560 1692 40 1200 721 1516 582 166 846 195 631 5 441 217 787 1194 1173 485 567 1089 402 1482 529 1590 1389 1641 154 413 738 1330 262 36 595 1083 524 1392 1303 459 1536 1271 159 909 84 873 1058 1065 1284 31 1382 1517 769 309 501 189 396 437 360 1071 447 489 1622 1527 537 712 1086 439 1627 46 864 1566 1705 1625 1467 1722 655 1587 1706 33 54 1165 339 1655 1236 302 1116 1647 1099 867 1304 478 785 139 822 68 1462 577 205 127 1594 1221 504 131 1665 382 1387 580 88 1217 1110 1547 802 1572 777 116 1371 1512 429 825 76 630 942 1540 1703 312 235 1365 333 1574 181 1277 1709 828 572 406 597 1125 780 455 648 660 409 234 775 1449 344 482 814 1466 819 759 197 66 702 539 299 980 1568 304 883 163 1359 277 1413 359 43 7 1680 891 919 22 816 306 838 461 899 933 279 1050 491 497 215 1149 218 331 990 576 1140 1465 976 98 1274 710 326 1599 555 1695 475 128 34 1681 1546 812 1122 1227 817 353 1593 83 670 1192 1353 672 625 1378 1196 1405 1428 804 67 586 168 20 1031 1598 1191 246 187 1036 18 1611 56 1109 528 1038 1315 6 315 426 27 390 1144 283 1234 1322 1348 1102 959 823 1657 635 583 862 293 805 727 1183 1132 1442 1154 850 1418 1210 749 620 394 916 232 233 590 800 911 1042 1483 416 1016 1549 881 616 1552 422 902 349 1391 799 269 742 752 1684 1603 619 917 1339 565 859 1390 808 254 257 1091 1313 317 281 347 1450 797 335 287 295 860 968 1090 1025 607 806 983 887 1399 1402 1630 1312 1505 1397 1426 403 1612 713 647 557 1504 263 662 1400 643 1496 1495 832 1127 1346 1043 367 1370 431 419 401 1037 350 961 824 1103 1049 674 958 1364 854 1366 1693 1201 746 1558 689 1075 365 1585 578 368 1040 1477 1376 427 373 1150 995 614 1363 1480 1078 1198 1642 836 1451 940 323 1510 1415 268 1180 362 782 1337 1501 1666 637 227 1177 779 701 1576 967 821 1372 997 311 908 1093 242 1145 1720 376 1022 1394 1010 956 1051 1427 794 1441 971 1367 1414 1429 718 592 1343 1388 905 1279 581 728 398 809 1039 1186 1559 1262 1237 1204 1661 1634 1564 1264 1723 1694 1643 1579 1667 1253 1615 1685 1235 1588 1606 1591 1696 1645 1726 1528 1663 1199 1604 1526 1267 1202 1658 1712 1613 1226 ];
