index=cell(1,8);
index{1}=1+[1499 1697 1565 1157 1283 1538 1130 1124 1151 1616 1421 1292 1607 1610 1589 1670 1484 1700 1256 1529 1232 1178 1265 1673 1664 1184 1187 1592 1133 1562 1724 1556 1148 1175 1502 1691 1160 1472 1508 1718 1295 1430 1688 1259 1481 1241 1583 1637 1268 1248 978 652 804 195 115 216 21 656 32 117 1080 74 402 54 1686 529 948 7 1725 547 262 179 598 450 91 694 1304 342 977 818 438 1518 795 1458 411 65 991 1112 1432 14 757 519 1336 562 177 822 188 1188 922 486 161 493 895 483 594 408 203 1316 1063 255 1114 534 1380 199 329 48 1012 1365 336 706 358 200 669 501 301 649 936 1356 975 574 104 1137 1047 839 629 412 436 520 495 1011 625 1277 576 1227 467 843 951 156 18 70 184 390 218 508 512 763 898 553 277 1149 1141 122 1357 735 442 6 784 1573 212 1378 1140 1136 586 49 1266 1652 602 1344 1332 1655 1027 1215 52 306 1611 344 43 1422 1305 509 972 1568 990 575 1487 215 655 1207 61 79 570 17 550 10 1405 1551 278 1325 107 1242 22 736 109 882 426 297 775 1045 307 1617 463 1473 729 869 1506 23 579 1000 762 953 623 1055 355 326 1221 639 678 1464 1233 186 817 440 1436 363 1533 543 1716 62 1455 78 280 1627 95 275 302 1166 1490 1004 897 819 1109 776 663 1056 1486 994 357 1038 792 69 521 1007 980 731 385 139 147 34 19 926 417 460 518 333 1254 191 1216 1395 288 650 524 597 979 197 1600 1648 852 124 528 1466 909 1028 1701 645 815 196 1689 829 81 247 354 201 676 540 112 1170 685 1602 160 1036 992 53 802 207 1017 85 1320 123 604 193 871 1191 1023 946 982 214 930 331 1362 80 106 452 1315 879 1590 591 1128 764 1101 25 1541 140 855 856 1125 1384 675 699 1263 1674 110 465 45 1006 251 87 228 309 83 432 811 396 1281 1628 600 761 4 1438 928 702 681 1026 137 1567 1656 844 1167 621 235 1545 455 1061 758 868 472 1338 1342 205 1014 1514 1597 901 31 1224 1544 539 0 1571 494 734 209 910 1135 666 480 798 585 999 16 709 423 1625 289 1033 1527 985 601 208 870 441 88 1122 437 370 108 1431 873 229 723 1192 807 1002 1706 626 1433 738 381 1595 1434 82 721 996 1335 660 1536 462 668 765 1359 1629 1161 1209 5 224 707 609 1287 171 415 68 1189 163 1677 687 211 222 256 178 630 50 595 116 162 1324 26 479 515 343 273 409 744 1074 244 379 883 1437 858 1131 949 198 842 1303 1410 580 180 1190 865 841 780 166 919 1513 599 142 947 1369 157 1459 1146 238 739 383 756 525 1119 276 670 840 448 1653 356 1142 603 473 279 249 703 769 1222 730 1404 886 1008 793 628 217 187 330 485 1085 176 785 682 1503 1358 866 942 1644 1196 131 399 1306 1032 291 303 248 484 40 380 219 778 661 136 733 339 1703 1398 135 658 1350 1308 1387 1680 1219 545 11 351 445 210 1162 1092 667 73 454 1108 1347 461 825 894 243 1509 164 1 1423 36 1722 544 435 606 796 270 925 1143 134 66 1620 1708 332 892 1575 618 918 1035 126 264 720 1098 1462 966 920 1542 1500 640 1676 1068 1193 1134 133 499 864 552 57 272 510 1194 708 657 684 1005 1300 240 631 1341 204 1249 261 312 1018 118 1208 1251 282 760 572 533 346 1651 35 789 906 1493 27 753 429 328 1572 973 185 1236 397 1113 1164 1521 375 1296 1671 1041 1596 1557 1206 1139 1407 1299 1314 387 121 246 1274 1086 705 143 571 1593 361 849 1704 952 893 55 174 1163 457 1640 531 51 541 372 182 1624 506 1531 1088 955 71 884 1333 726 1396 20 420 464 790 1587 867 783 915 963 560 1665 1578 1569 1681 443 1482 475 502 1639 471 253 169 42 226 294 1311 76 236 1030 158 774 1115 900 511 1331 3 537 1581 77 424 1302 47 567 167 1083 64 1284 1158 1435 500 388 114 1244 542 1406 384 304 59 405 1239 1020 168 145 693 1168 624 128 679 12 877 555 433 933 1060 1641 1530 1635 221 1095 1460 1519 573 15 1298 1110 622 1443 285 231 1416 1276 526 514 1698 481 153 613 759 154 786 478 1449 1638 1087 1476 1574 1317 1082 183 974 75 1272 1479 820 1623 1245 1328 181 627 1257 1598 1089 1401 1273 846 1351 1566 300 497 1491 1452 814 831 577 768 97 202 1485 981 325 29 1169 1707 382 46 1217 366 393 86 258 482 172 491 564 39 672 976 548 503 569 1290 1709 612 1318 245 1270 1463 492 92 152 1354 1246 588 1138 717 1165 696 1649 1411 190 1492 321 748 151 1223 1185 28 1381 444 498 1218 267 474 496 1386 1470 737 1520 527 447 1057 1547 434 2 225 1278 1605 129 1371 561 1539 105 439 103 271 8 1601 1385 1152 1107 1540 348 414 1446 194 1293 1179 165 851 767 266 1201 556 1015 1501 614 368 371 875 827 971 742 1183 740 616 686 689 637 824 821 1393 889 1363 340 1426 1534 673 1022 1366 1603 1345 400 698 719 641 833 1388 268 319 293 632 634 1397 938 1471 727 367 404 313 583 998 779 1228 1312 697 317 1420 853 1390 773 1171 1415 859 1154 1444 713 665 638 751 754 967 890 281 857 283 1043 350 1642 1394 781 662 1370 968 986 1126 1349 646 1024 1402 1150 914 1400 944 422 931 1049 1693 1339 1322 589 389 989 1046 241 308 1505 257 1319 1075 752 1496 718 782 1711 961 647 695 1477 1073 376 566 341 905 772 1483 1076 1094 1069 286 983 296 770 1153 265 1507 619 907 835 911 1375 725 310 1147 1660 1442 563 1585 1102 743 260 295 1013 1051 908 830 349 1474 1321 880 1549 797 610 1261 1210 913 1123 674 362 1078 635 1180 805 941 1252 832 970 1478 1093 806 1144 1372 755 995 1090 1040 1364 715 607 1552 391 421 605 1145 242 745 850 860 230 1048 1121 826 1313 1052 1403 1019 809 1039 269 1310 311 959 1469 1070 1159 1037 611 887 1429 940 427 398 1684 1414 1288 263 1630 1234 701 581 1391 1079 565 848 232 394 284 1340 554 1498 323 1361 1307 1456 1105 1495 377 799 935 1156 1127 322 392 335 373 671 401 338 956 1418 691 803 431 929 1367 292 1657 1225 1174 1510 1132 584 854 881 1450 1117 1064 1181 724 227 1091 254 1427 794 551 958 374 1606 1289 1264 1669 1685 1586 1667 1255 1535 1523 1528 1661 1591 1604 1609 1280 1687 1636 1285 1226 1577 1717 1237 1550 1723 1258 1235 1726 1631 1213 1613 1579 1229 1663 1564 1699 1526 1559 1618 1262 1712 1561 1694 1211 1267 1714 1672 1645 1240 1537 1202 1582 ];
index{2}=1+[1511 1286 1106 1580 1475 1448 1646 1238 1619 1097 1214 1205 1457 1715 1454 1727 1668 1412 318 24 252 568 159 315 536 470 456 834 1584 1608 1409 1059 1702 1713 1212 1330 750 939 149 1467 845 1034 1377 596 1323 490 924 969 1058 56 155 1465 1428 1494 791 141 487 945 504 904 1200 732 801 1524 1419 410 298 1650 677 220 516 1554 923 559 1517 364 446 33 130 777 1425 1326 1682 41 1368 984 874 1692 489 120 710 1269 1230 1374 132 688 1327 334 100 1031 1271 876 549 453 1516 535 468 648 712 1675 1260 680 1439 530 1077 847 636 891 101 13 513 711 885 1563 903 102 888 1054 1489 921 1543 837 714 954 912 1155 1654 213 838 523 1360 449 1197 1072 299 1099 1679 352 113 476 937 1104 1065 522 1084 1355 477 1546 1379 150 558 683 1116 407 125 1247 813 651 1424 96 1353 1705 89 1413 828 1203 1548 170 1329 316 1275 816 1173 1003 146 532 957 369 90 1029 173 1488 353 94 98 44 1515 1081 359 37 1626 1659 406 788 458 538 987 546 507 378 950 119 653 469 927 1622 1678 1570 192 582 1599 1009 1647 345 459 1710 60 633 861 1044 1195 960 488 1309 1250 1695 766 787 38 1243 1297 250 1053 1621 111 1389 899 1440 654 690 1719 138 517 1594 1176 237 704 1062 1001 1301 144 1512 1662 274 1220 1408 505 451 234 642 1071 810 206 771 1497 63 337 466 1352 964 67 360 1683 872 1461 175 386 30 1111 1560 72 896 1392 1532 812 127 223 747 327 189 1382 615 1614 1100 99 148 1383 413 9 1182 1050 58 305 741 84 324 993 1632 93 1103 1120 1633 1042 578 932 1441 1399 1504 1376 1522 1558 664 1129 728 1468 592 593 1348 808 347 965 587 1451 1480 314 259 1453 428 418 1666 800 823 1186 917 1445 659 749 916 403 1373 1343 365 1612 862 290 608 1096 419 692 395 863 1066 988 416 1016 878 1525 934 1334 1172 430 1118 425 643 700 1025 716 1177 590 1010 1447 233 836 962 617 320 943 746 1279 1021 902 997 722 1346 1198 1417 1576 1067 1337 557 1720 287 644 620 239 1294 1658 1282 1291 1553 1588 1555 1696 1253 1690 1615 1199 1721 1643 1634 1231 1204 ];
