index1=1+[8 831 16 19 834 399 606 215 200 804 214 406 402 407 836 202 201 1217 797 827 810 1204 607 603 1214 812 3 826 1222 4 818 601 398 209 825 1210 17 1211 803 1203 809 12 404 830 820 1207 832 14 1206 416 1223 811 6 417 819 814 401 1205 600 610 5 805 1196 835 2 10 798 1198 1199 822 800 1232 833 1212 206 400 207 9 1249 37 222 1248 425 845 231 1244 627 238 1273 234 867 866 849 1274 868 1258 225 27 620 22 617 26 418 870 633 1263 432 419 223 21 631 871 1262 438 857 1264 1269 1272 630 628 839 20 876 23 622 1252 861 847 429 842 1267 31 220 626 1251 437 1261 862 843 621 221 846 426 854 424 874 1271 625 233 420 619 1259 39 1270 840 35 875 1253 1242 449 1291 646 450 653 454 448 249 1311 43 247 916 254 51 46 442 1283 58 1282 1278 447 453 642 647 1286 242 910 1305 44 1302 439 651 885 656 884 1312 47 898 45 879 877 895 648 638 443 1289 657 909 883 243 901 643 52 1296 1284 1303 900 257 897 913 912 639 250 893 891 54 1281 1306 246 446 256 451 1304 906 244 899 644 908 886 239 668 475 460 672 1332 955 661 665 1328 68 1342 274 659 464 1353 1346 662 261 929 1316 465 951 263 1348 1329 922 952 1340 278 79 78 1330 1317 265 940 264 76 270 62 939 462 461 918 666 1327 938 1349 919 63 670 1324 1344 936 664 1331 1334 953 947 1354 1333 463 669 673 925 262 260 926 1337 67 917 467 949 469 930 946 942 1315 935 77 72 489 1355 1373 1377 968 1390 992 979 991 958 975 689 284 298 679 280 976 294 478 683 1364 1365 988 995 92 961 293 491 495 993 290 962 296 957 1394 989 85 89 99 81 487 485 493 985 483 1372 1363 1382 1385 691 1387 1366 986 93 690 696 1388 1391 492 686 678 682 82 1370 677 692 488 983 971 967 972 83 959 996 987 1371 969 1360 1380 94 279 1014 1001 1399 314 109 1426 1425 1407 712 112 997 1022 299 118 1417 301 305 499 101 506 1400 1410 1036 709 1015 1005 704 999 708 1027 1028 1396 504 1024 1403 1004 300 1401 115 1429 498 699 306 1008 1025 517 1408 500 1411 102 1016 510 1430 1405 1424 1033 1013 505 514 711 710 1432 1012 1409 303 1031 1427 107 502 1395 715 716 304 1002 312 998 313 119 507 515 725 518 328 1450 336 1060 1075 1466 129 139 334 1042 525 1439 519 319 1043 520 732 130 1052 717 323 532 1065 1438 1054 132 1464 125 536 1048 137 1446 1050 728 1461 727 733 1462 1468 1469 1040 1459 1056 338 1449 735 136 1059 1063 320 722 737 1061 120 528 1474 1038 332 335 1053 1452 1457 1451 1055 521 325 1047 327 138 1071 720 1051 1453 135 1437 1472 1076 124 526 358 1111 756 1478 346 1085 1097 146 753 754 555 739 1087 1105 1108 755 1512 748 742 551 538 548 539 349 1475 153 1506 1514 751 743 1492 552 1501 741 339 1510 550 1493 554 149 1487 143 556 1502 1477 1115 1494 1100 1509 1491 1476 1114 341 549 1511 557 1082 1483 545 151 1504 148 745 1078 747 1098 1107 1094 1479 744 1095 145 1507 1088 1497 152 740 353 1090 772 1149 362 1146 172 1144 1547 775 1133 1139 771 770 1550 360 1135 1537 1516 1152 1137 774 1128 1548 369 160 558 1141 1130 1541 1526 1528 776 560 1124 1517 169 367 370 366 766 1131 577 568 1552 574 765 567 559 1529 177 1543 575 572 1116 1551 1142 162 1545 1118 1147 769 761 167 170 1140 1540 165 1129 1530 359 760 767 1126 764 161 1119 1143 569 1533 589 781 795 394 182 1581 381 785 1554 1167 386 1560 778 197 786 378 198 1568 389 1565 1590 183 196 583 586 384 594 1575 588 187 1157 395 595 1178 1169 1162 1177 792 782 181 1171 1570 1187 186 591 1556 1174 592 790 1192 179 582 189 1574 188 587 1580 1589 1190 1156 1573 1188 387 593 1585 1576 777 1160 1183 192 1553 596 784 1555 180 580 590 1567 1170 ];
index2=1+[1220 405 801 1200 213 1216 413 806 605 1219 802 816 199 13 0 1195 208 815 609 1225 611 211 608 218 1226 604 210 205 1213 1202 15 408 11 18 817 1234 410 1209 612 829 821 598 1224 613 409 204 1215 411 599 203 602 1230 799 212 1 614 807 217 1201 7 1228 1233 414 1197 1221 1227 1218 1231 403 615 1208 616 828 597 1229 796 415 412 824 823 216 808 813 1246 1243 623 838 32 219 1235 1239 636 1266 1265 227 873 1237 864 436 232 869 848 433 1257 427 38 226 1247 852 1238 629 235 634 430 1240 33 844 1268 851 853 1236 632 1245 859 423 36 25 224 435 434 24 236 863 1255 422 34 1256 1250 855 229 865 618 841 1260 858 635 850 1254 637 29 860 30 624 230 237 228 421 856 428 837 431 872 28 1241 1314 896 905 640 252 1299 881 1285 441 444 41 904 654 914 1277 1310 652 48 456 889 1290 911 440 894 915 49 1300 57 455 1287 1301 887 890 888 241 907 878 240 1280 1297 445 650 457 452 53 892 1295 55 245 1276 1313 1279 903 1293 40 645 56 641 902 880 1288 1275 248 1292 59 253 42 258 1308 1298 655 1307 1294 255 1309 649 251 50 882 934 956 928 70 1325 1336 674 920 943 932 74 267 61 269 671 66 941 1341 468 927 944 1338 472 277 921 266 1323 64 1335 1326 931 73 1319 71 1318 675 937 1351 1320 1347 1350 1345 268 658 676 69 1339 474 660 473 476 1322 924 272 950 663 271 477 954 1321 60 923 75 948 458 1352 459 276 273 945 667 65 471 470 466 275 1343 933 259 479 680 966 286 973 1384 497 486 970 963 981 291 978 283 90 98 687 496 1393 91 86 1356 681 288 990 697 984 297 295 688 490 84 1389 1369 95 80 685 481 1367 289 1375 1379 964 292 1378 1392 494 1368 965 1383 97 287 1381 88 480 1376 994 1361 1358 281 484 693 684 1386 982 482 87 1362 980 960 96 695 977 694 1359 1357 285 974 282 1374 698 318 1030 700 1026 706 1416 705 1034 1404 104 308 511 307 1029 1421 516 117 1017 1414 1406 1434 1420 309 317 315 702 1006 1011 113 1021 310 1412 1018 1428 512 103 1402 714 105 110 116 1433 1003 503 703 1418 1415 302 1007 108 111 501 1010 100 1413 707 1398 1020 1423 713 1419 114 311 1019 701 513 1035 106 1397 1023 1009 1422 1032 1431 509 1000 316 508 721 1044 537 1041 333 1037 533 122 121 1444 1070 128 126 1460 1435 1058 1442 1440 329 127 523 330 1068 1067 1458 331 535 522 524 1471 1039 1049 1473 731 131 1069 1445 1447 1045 123 724 1072 1463 1443 337 1074 1455 1064 1448 1436 324 1456 134 321 734 1441 530 719 736 718 1066 1470 1073 534 1467 730 527 726 723 1062 529 1465 531 133 1046 1454 729 326 322 1057 1110 1495 1112 147 544 158 340 746 350 1500 1109 1499 547 541 1496 1488 1481 155 1083 1092 1084 1091 546 1086 1508 356 144 357 1081 1080 1104 347 354 1489 1099 1102 140 355 351 348 1484 749 1480 1113 543 1490 1096 344 1505 1485 1106 156 1089 1498 343 352 141 553 150 1482 1079 752 738 1093 157 1077 540 154 342 142 1101 345 1486 1503 1103 1513 542 159 750 1117 570 1127 1148 762 1535 1125 361 1154 1519 758 757 163 564 364 373 565 363 368 576 562 1145 1538 371 566 768 1524 1515 1520 173 759 1544 176 1522 571 374 1122 1525 372 166 1539 1546 175 1536 1120 171 1136 1134 376 1123 1518 573 1534 1549 1542 561 563 1523 763 1138 375 1527 1150 168 1532 174 1121 773 1521 1132 365 164 1151 377 1531 1153 178 1579 1571 1166 191 1181 1557 393 1191 380 391 1569 779 1563 1175 388 1566 793 789 1577 195 1194 1180 1182 193 1189 791 581 1186 1591 1155 1173 1561 1159 379 1587 1172 1586 1562 1572 397 788 787 1179 392 1578 184 1582 396 383 1164 385 1176 1588 584 1184 585 783 1558 185 794 190 780 1168 578 194 579 1163 1185 1583 390 1158 382 1165 1564 1559 1584 1161 1193 1592 ];
