index=cell(1,8);
index{1}=1+[398 1221 799 823 816 599 827 811 796 1204 802 800 216 804 605 199 1198 1218 214 215 836 405 416 825 833 406 1225 1206 1210 1214 17 14 1212 1228 409 1201 828 815 1209 1208 400 18 1224 611 201 824 834 212 13 412 413 5 407 830 204 1216 19 806 211 1205 1223 609 3 820 1215 835 606 607 610 417 16 0 797 217 813 200 1211 1202 6 803 1219 1220 1233 1197 808 411 1229 598 818 208 1195 831 403 1217 404 822 616 801 401 402 809 1230 604 612 207 819 832 7 1213 614 1231 613 1226 399 812 1199 1196 1203 8 1232 11 227 854 856 1247 39 622 221 837 1251 420 32 233 855 1250 21 1254 23 630 1240 1274 1261 223 839 1246 28 850 1266 627 429 1237 433 876 438 860 425 1238 634 621 26 424 851 38 1270 1239 1262 430 31 620 838 36 432 434 226 34 1241 35 229 875 428 1242 849 24 235 228 431 862 625 633 234 1235 232 868 1236 37 230 418 865 236 858 866 847 874 859 1249 617 623 872 1259 435 871 842 1267 222 1244 225 421 1248 1264 629 870 1271 1263 436 867 20 628 423 626 632 419 843 1243 1272 1260 220 857 624 241 456 441 900 58 1286 444 1304 52 880 892 451 43 54 1285 657 650 253 897 888 884 1276 1302 240 1300 40 254 644 906 1279 913 901 911 46 44 255 447 455 1293 1287 649 453 251 653 443 56 642 905 889 454 256 652 1294 450 881 442 1313 245 242 59 1283 886 250 252 910 909 1288 655 1289 457 1297 1309 1291 42 243 904 440 1311 1281 887 894 1292 877 651 41 448 641 439 244 49 654 903 883 47 912 878 896 445 898 1307 55 1305 258 452 57 246 895 890 648 647 1298 247 638 1312 1280 914 1310 1314 1282 908 1329 260 268 1350 61 79 1354 669 664 658 930 278 934 463 472 1347 670 953 938 458 477 469 927 943 272 476 1322 74 954 1327 1324 76 270 920 955 925 1333 261 466 674 265 1351 459 1335 1321 67 259 1328 937 460 468 1338 935 933 1341 471 947 467 666 671 63 473 1337 928 1323 919 475 1317 1336 1318 269 1344 1320 926 64 262 1348 264 263 1342 72 1349 1326 77 267 941 73 923 942 936 945 60 75 1339 918 949 1319 470 462 676 956 1330 1325 1352 474 929 1340 271 660 66 274 924 78 1346 1332 464 276 675 1331 663 691 485 1388 478 971 289 990 1393 974 489 490 486 280 81 290 969 1378 479 84 1366 1360 994 957 293 279 497 286 1365 95 991 1359 984 681 287 677 697 695 1382 981 1369 690 985 1389 960 85 98 679 88 80 993 488 495 1387 966 1361 494 1358 1391 978 988 492 92 1368 292 1373 983 1380 1363 987 94 973 696 83 686 281 89 678 1376 1364 964 989 91 1390 480 291 992 297 972 687 487 1357 82 1381 296 294 1362 996 980 1385 1371 1356 484 483 683 496 995 99 958 493 97 968 482 693 975 282 692 481 491 295 1379 1372 111 509 308 514 315 306 516 1015 307 1395 1013 1403 106 300 1405 699 312 1031 303 1000 116 1022 103 510 1410 1025 1030 317 703 513 1408 1425 1029 1032 714 1400 112 309 1020 1432 1398 1008 1006 506 107 511 1401 712 1003 504 299 710 1017 119 102 713 1009 502 1420 101 1416 711 709 1002 716 707 500 1424 1430 700 1434 512 1423 1409 318 1426 1028 310 115 113 1012 311 1402 313 1004 1018 1427 1005 1011 1007 1019 1024 1397 105 1413 304 505 499 1419 108 1428 117 1014 1431 1433 508 1421 1412 114 301 503 100 698 305 1406 1010 704 715 1034 1023 1448 518 132 734 1057 717 137 733 136 129 133 1075 1069 536 1451 1470 1447 534 1458 1068 1067 1465 1043 1461 125 323 338 121 532 329 730 1062 736 334 526 131 737 332 1467 1037 1056 1472 1450 1066 320 725 1468 1076 1469 1071 527 1048 528 728 723 521 1060 1439 1443 719 1052 1051 330 139 1063 122 135 126 322 530 328 724 1074 134 1462 1453 1050 1041 319 1053 720 1058 729 1046 327 1061 1045 1072 1040 120 1044 1454 1047 1441 1070 1446 1055 1464 1459 1039 325 1457 337 732 1435 520 128 722 1444 524 535 533 727 1038 335 1440 537 1065 326 1442 1054 551 143 753 539 1488 1105 348 1499 746 545 1088 1478 341 1502 750 1114 350 144 751 344 1112 748 356 555 752 543 358 347 141 1505 349 342 1496 544 541 1102 1485 1111 756 557 1077 149 1509 739 755 1108 754 1513 546 747 1087 1084 556 1091 151 744 154 153 340 547 152 1504 1104 1489 743 353 1486 1501 1512 1081 1487 1086 1107 1082 1494 355 147 1477 540 1115 1089 1492 1096 148 542 738 1493 142 1095 552 1101 1090 548 1109 1506 1100 1106 1491 352 1083 1078 1508 1483 146 157 553 345 159 150 357 343 740 1080 158 1113 156 538 1085 339 1530 758 1119 167 1153 773 370 1550 1118 1125 1127 1543 360 1531 1141 1516 768 775 177 1146 1142 774 1149 1120 376 1522 1140 570 1131 371 573 562 163 166 1130 1538 1535 576 367 569 560 1121 575 574 1544 1116 373 1540 1124 770 1154 375 1517 568 565 559 771 1137 1542 1150 1532 173 567 1147 368 164 1144 766 1129 1143 760 1548 1526 757 1546 369 1135 1128 769 572 563 558 171 759 1541 1136 1117 571 764 377 1145 1138 776 577 362 1525 1518 772 172 1152 765 361 1151 1148 1545 365 169 767 1134 1133 374 165 561 566 1539 1139 1547 1164 1561 181 387 1562 1175 183 1168 789 390 1167 1585 1170 790 1587 394 785 594 385 1174 1571 1185 1579 396 388 395 1157 586 188 383 1589 391 378 1158 793 1155 589 783 1169 1176 189 184 792 193 583 195 1183 186 382 779 179 381 1582 1556 1194 1187 1569 1586 782 1182 584 580 1184 588 1180 593 596 590 1590 1171 1156 786 380 1554 389 1179 578 780 1564 180 581 1566 1574 1555 1565 1166 1160 585 582 1189 778 791 185 1577 1581 197 794 1190 1163 1557 1188 1165 1172 1162 1575 1573 386 1584 1583 1588 1178 781 777 192 587 1570 1191 1568 190 ];
index{2}=1+[218 4 821 1207 415 205 814 798 603 805 9 10 206 1200 203 826 615 202 410 817 12 807 408 608 1227 601 829 414 600 210 1 1222 209 15 2 1234 602 810 213 597 1253 1256 852 426 1269 25 635 437 848 1255 1252 618 30 863 631 1245 1258 1257 846 238 841 427 873 33 619 636 637 231 844 237 27 853 422 861 864 1268 1273 1265 22 869 224 845 29 219 840 639 257 1296 643 656 891 249 50 915 1278 893 885 645 899 1308 1301 907 48 916 1299 1303 1295 45 879 1277 646 1275 239 53 446 248 902 640 1306 882 1290 1284 51 449 661 948 659 932 662 952 951 70 1345 946 273 940 465 1316 275 950 461 939 917 668 944 931 266 1334 65 68 1343 62 665 71 921 1315 672 69 922 667 277 673 1353 1384 962 90 977 986 1374 685 689 963 1355 694 982 1375 967 283 682 1383 93 1394 684 1386 965 86 1370 87 1392 298 285 970 96 288 1377 284 976 961 959 688 1367 680 979 1404 104 1021 118 1417 109 705 1001 1422 1026 706 316 1407 1035 1418 1036 1414 515 1033 507 517 1016 1399 1027 1429 498 997 1411 501 701 702 708 110 1396 999 998 1415 302 314 1436 127 735 1449 1473 1064 523 1474 124 336 1042 1460 321 130 1438 1049 1456 331 1455 721 519 333 1466 1437 1463 731 1073 123 1471 324 522 1452 531 138 1059 726 525 1445 529 718 1503 351 1092 1110 1475 1476 346 1507 1099 550 1479 155 1514 1093 1490 1497 1482 1103 1484 554 1495 1098 1511 1480 1094 745 749 1510 741 1500 145 1481 140 549 1079 354 742 1097 1498 1534 1132 1126 1523 174 1552 364 366 176 1524 363 762 1521 162 161 1551 564 1536 1515 175 1537 1549 160 372 1529 1520 761 1527 1528 178 1123 168 1533 1122 1519 359 763 170 1159 198 194 591 1193 795 1572 1161 196 182 1567 1563 1553 1560 393 379 784 1576 191 1578 384 397 1558 392 787 1192 1580 579 1592 1591 595 187 1181 1177 788 1186 1173 1559 592 ];
